osu file format v14

[General]
AudioFilename: audio.mp3
AudioLeadIn: 0
PreviewTime: -1
Countdown: 0
SampleSet: Normal
StackLeniency: 0.7
Mode: 3
LetterboxInBreaks: 0
SpecialStyle: 0
WidescreenStoryboard: 0

[Editor]
DistanceSpacing: 1.2
BeatDivisor: 8
GridSize: 8
TimelineZoom: 1

[Metadata]
Title:Renai Circulation
TitleUnicode:Renai Circulation
Artist:Hanazawa Kana
ArtistUnicode:Hanazawa Kana
Creator:aim hacs
Version:Easy
Source:
Tags:
BeatmapID:0
BeatmapSetID:-1

[Difficulty]
HPDrainRate:2
CircleSize:5
OverallDifficulty:2
ApproachRate:5
SliderMultiplier:1.4
SliderTickRate:1

[Events]
//Background and Video events
//Break Periods
//Storyboard Layer 0 (Background)
//Storyboard Layer 1 (Fail)
//Storyboard Layer 2 (Pass)
//Storyboard Layer 3 (Foreground)
//Storyboard Layer 4 (Overlay)
//Storyboard Sound Samples

[TimingPoints]
1266,500,4,1,0,100,1,0


[HitObjects]
153,192,266,128,0,641:0:0:0:0:
358,192,766,128,0,1141:0:0:0:0:
51,192,1266,128,0,2266:0:0:0:0:
358,192,2266,1,0,0:0:0:0:
256,192,2266,1,0,0:0:0:0:
460,192,3266,128,0,4266:0:0:0:0:
153,192,4266,1,0,0:0:0:0:
256,192,4266,1,0,0:0:0:0:
153,192,5016,1,0,0:0:0:0:
153,192,5141,1,0,0:0:0:0:
153,192,5266,128,0,6266:0:0:0:0:
358,192,6266,1,0,0:0:0:0:
460,192,6266,1,0,0:0:0:0:
358,192,7266,128,0,8266:0:0:0:0:
153,192,7766,1,0,0:0:0:0:
153,192,8266,1,0,0:0:0:0:
256,192,8266,1,0,0:0:0:0:
153,192,8766,1,0,0:0:0:0:
358,192,8766,1,0,0:0:0:0:
460,192,8766,1,0,0:0:0:0:
256,192,9266,128,0,10266:0:0:0:0:
153,192,10266,128,0,11266:0:0:0:0:
358,192,11016,1,0,0:0:0:0:
358,192,11266,128,0,12266:0:0:0:0:
51,192,12266,128,0,13266:0:0:0:0:
358,192,13016,1,0,0:0:0:0:
358,192,13266,128,0,14266:0:0:0:0:
153,192,13516,1,0,0:0:0:0:
153,192,13641,1,0,0:0:0:0:
153,192,14016,1,0,0:0:0:0:
153,192,14266,128,0,15266:0:0:0:0:
358,192,14516,1,0,0:0:0:0:
358,192,14641,1,0,0:0:0:0:
358,192,15266,128,0,15766:0:0:0:0:
153,192,16016,1,0,0:0:0:0:
358,192,16266,1,0,0:0:0:0:
153,192,16578,1,0,0:0:0:0:
358,192,16578,1,0,0:0:0:0:
153,192,16828,1,0,0:0:0:0:
460,192,16828,1,0,0:0:0:0:
256,192,16828,1,0,0:0:0:0:
51,192,17266,128,0,18266:0:0:0:0:
460,192,18266,128,0,19266:0:0:0:0:
153,192,19016,1,0,0:0:0:0:
256,192,19141,1,0,0:0:0:0:
153,192,19266,128,0,19766:0:0:0:0:
358,192,19766,128,0,20266:0:0:0:0:
153,192,20266,128,0,21266:0:0:0:0:
358,192,21266,128,0,22266:0:0:0:0:
153,192,21516,1,0,0:0:0:0:
51,192,21641,1,0,0:0:0:0:
51,192,22266,128,0,23266:0:0:0:0:
153,192,22516,1,0,0:0:0:0:
256,192,22641,1,0,0:0:0:0:
460,192,23266,128,0,24266:0:0:0:0:
256,192,23766,1,0,0:0:0:0:
256,192,24016,1,0,0:0:0:0:
153,192,24266,128,0,24766:0:0:0:0:
358,192,24766,1,0,0:0:0:0:
358,192,25016,1,0,0:0:0:0:
153,192,25141,1,0,0:0:0:0:
358,192,25266,128,0,26141:0:0:0:0:
51,192,25766,1,0,0:0:0:0:
51,192,26266,128,0,27016:0:0:0:0:
153,192,27016,1,0,0:0:0:0:
256,192,27141,1,0,0:0:0:0:
358,192,27266,128,0,28266:0:0:0:0:
51,192,28266,128,0,29266:0:0:0:0:
256,192,28766,1,0,0:0:0:0:
358,192,28891,1,0,0:0:0:0:
256,192,29266,128,0,30266:0:0:0:0:
460,192,30141,1,0,0:0:0:0:
460,192,30266,128,0,31266:0:0:0:0:
153,192,31266,128,0,32266:0:0:0:0:
358,192,31391,1,0,0:0:0:0:
460,192,31516,1,0,0:0:0:0:
358,192,32266,128,0,33266:0:0:0:0:
51,192,33266,128,0,34266:0:0:0:0:
256,192,33641,1,0,0:0:0:0:
358,192,33766,1,0,0:0:0:0:
460,192,34266,128,0,35266:0:0:0:0:
256,192,34266,1,0,0:0:0:0:
153,192,35266,128,0,36266:0:0:0:0:
358,192,35828,1,0,0:0:0:0:
358,192,36266,128,0,37266:0:0:0:0:
51,192,37266,128,0,38266:0:0:0:0:
256,192,37766,1,0,0:0:0:0:
358,192,38266,128,0,39266:0:0:0:0:
153,192,38766,1,0,0:0:0:0:
51,192,39266,128,0,40266:0:0:0:0:
256,192,39766,1,0,0:0:0:0:
358,192,40266,128,0,41266:0:0:0:0:
51,192,41266,128,0,42266:0:0:0:0:
256,192,41516,1,0,0:0:0:0:
358,192,41766,1,0,0:0:0:0:
256,192,42016,1,0,0:0:0:0:
153,192,42266,1,0,0:0:0:0:
358,192,42266,128,0,43266:0:0:0:0:
153,192,42766,1,0,0:0:0:0:
153,192,43016,1,0,0:0:0:0:
153,192,43266,128,0,44078:0:0:0:0:
358,192,43516,1,0,0:0:0:0:
358,192,43828,1,0,0:0:0:0:
256,192,44266,1,0,0:0:0:0:
358,192,44516,1,0,0:0:0:0:
153,192,44766,1,0,0:0:0:0:
358,192,45016,1,0,0:0:0:0:
358,192,45266,1,0,0:0:0:0:
460,192,45266,128,0,46266:0:0:0:0:
256,192,45391,1,0,0:0:0:0:
51,192,45703,1,0,0:0:0:0:
153,192,46016,1,0,0:0:0:0:
256,192,46266,1,0,0:0:0:0:
256,192,46391,1,0,0:0:0:0:
256,192,46766,1,0,0:0:0:0:
153,192,47266,128,0,47703:0:0:0:0:
358,192,47703,1,0,0:0:0:0:
153,192,48016,1,0,0:0:0:0:
153,192,48328,1,0,0:0:0:0:
153,192,48516,1,0,0:0:0:0:
358,192,48516,1,0,0:0:0:0:
460,192,48766,1,0,0:0:0:0:
51,192,48766,1,0,0:0:0:0:
153,192,49266,1,0,0:0:0:0:
358,192,49516,1,0,0:0:0:0:
153,192,49766,1,0,0:0:0:0:
358,192,50016,1,0,0:0:0:0:
153,192,50266,1,0,0:0:0:0:
460,192,50766,128,0,51266:0:0:0:0:
153,192,51016,1,0,0:0:0:0:
153,192,51266,1,0,0:0:0:0:
256,192,51516,1,0,0:0:0:0:
51,192,51766,128,0,52203:0:0:0:0:
153,192,52266,1,0,0:0:0:0:
358,192,52516,1,0,0:0:0:0:
256,192,52766,1,0,0:0:0:0:
256,192,53016,1,0,0:0:0:0:
460,192,53266,1,0,0:0:0:0:
358,192,53391,1,0,0:0:0:0:
256,192,53516,1,0,0:0:0:0:
153,192,53641,128,0,54078:0:0:0:0:
358,192,53891,1,0,0:0:0:0:
358,192,54266,1,0,0:0:0:0:
460,192,54391,1,0,0:0:0:0:
460,192,54641,1,0,0:0:0:0:
153,192,54891,1,0,0:0:0:0:
51,192,55016,1,0,0:0:0:0:
153,192,55266,128,0,55391:0:0:0:0:
256,192,55453,1,0,0:0:0:0:
358,192,55641,1,0,0:0:0:0:
153,192,56016,1,0,0:0:0:0:
256,192,56203,1,0,0:0:0:0:
153,192,56516,128,0,57266:0:0:0:0:
358,192,56766,1,0,0:0:0:0:
358,192,57266,1,0,0:0:0:0:
460,192,57266,128,0,58266:0:0:0:0:
153,192,57766,1,0,0:0:0:0:
51,192,58266,128,0,59266:0:0:0:0:
256,192,58766,1,0,0:0:0:0:
256,192,59016,1,0,0:0:0:0:
358,192,59266,1,0,0:0:0:0:
153,192,59516,1,0,0:0:0:0:
256,192,59766,1,0,0:0:0:0:
358,192,60016,128,0,60953:0:0:0:0:
153,192,61016,1,0,0:0:0:0:
51,192,61266,128,0,62016:0:0:0:0:
358,192,61766,1,0,0:0:0:0:
51,192,62266,1,0,0:0:0:0:
256,192,62766,1,0,0:0:0:0:
358,192,63016,1,0,0:0:0:0:
358,192,63266,1,0,0:0:0:0:
153,192,63516,1,0,0:0:0:0:
153,192,63766,1,0,0:0:0:0:
256,192,64016,1,0,0:0:0:0:
51,192,64516,1,0,0:0:0:0:
358,192,64516,1,0,0:0:0:0:
460,192,64516,1,0,0:0:0:0:
51,192,64766,1,0,0:0:0:0:
153,192,64766,1,0,0:0:0:0:
358,192,64766,1,0,0:0:0:0:
51,192,65266,128,0,65766:0:0:0:0:
358,192,65766,1,0,0:0:0:0:
153,192,66266,128,0,66766:0:0:0:0:
358,192,66766,1,0,0:0:0:0:
460,192,67266,128,0,68766:0:0:0:0:
51,192,67516,1,0,0:0:0:0:
51,192,67766,1,0,0:0:0:0:
256,192,68016,1,0,0:0:0:0:
153,192,69016,1,0,0:0:0:0:
256,192,69266,1,0,0:0:0:0:
358,192,69766,128,0,70766:0:0:0:0:
153,192,70266,1,0,0:0:0:0:
153,192,70766,1,0,0:0:0:0:
153,192,71266,128,0,72266:0:0:0:0:
256,192,71391,1,0,0:0:0:0:
358,192,71516,1,0,0:0:0:0:
358,192,72266,128,0,73266:0:0:0:0:
153,192,72766,1,0,0:0:0:0:
51,192,73266,128,0,74266:0:0:0:0:
460,192,74266,128,0,75266:0:0:0:0:
153,192,74266,1,0,0:0:0:0:
256,192,74641,1,0,0:0:0:0:
51,192,75266,128,0,76266:0:0:0:0:
358,192,76266,128,0,77266:0:0:0:0:
256,192,76266,1,0,0:0:0:0:
153,192,76641,1,0,0:0:0:0:
153,192,77266,128,0,78266:0:0:0:0:
460,192,78266,128,0,79266:0:0:0:0:
358,192,78266,1,0,0:0:0:0:
153,192,78703,1,0,0:0:0:0:
153,192,79266,128,0,80266:0:0:0:0:
256,192,79641,1,0,0:0:0:0:
358,192,79891,1,0,0:0:0:0:
358,192,80016,1,0,0:0:0:0:
358,192,80266,128,0,81266:0:0:0:0:
256,192,80266,1,0,0:0:0:0:
153,192,81266,1,0,0:0:0:0:
51,192,81266,128,0,82266:0:0:0:0:
460,192,82266,1,0,0:0:0:0:
358,192,82266,128,0,83266:0:0:0:0:
153,192,82703,1,0,0:0:0:0:
51,192,83266,128,0,84266:0:0:0:0:
153,192,83266,1,0,0:0:0:0:
358,192,84266,128,0,85266:0:0:0:0:
256,192,84266,1,0,0:0:0:0:
153,192,84703,1,0,0:0:0:0:
153,192,85266,128,0,86266:0:0:0:0:
358,192,86266,128,0,87266:0:0:0:0:
256,192,86266,1,0,0:0:0:0:
460,192,87266,1,0,0:0:0:0:
153,192,87641,128,0,87891:0:0:0:0:
256,192,87953,128,0,88203:0:0:0:0:
358,192,88266,128,0,88516:0:0:0:0:
