osu file format v14

[General]
AudioFilename: audio.ogg
AudioLeadIn: 0
PreviewTime: -1
Countdown: 0
SampleSet: Drum
StackLeniency: 0.7
Mode: 3
LetterboxInBreaks: 0
SpecialStyle: 0
WidescreenStoryboard: 0

[Editor]
DistanceSpacing: 0.8
BeatDivisor: 3
GridSize: 32
TimelineZoom: 3.699999

[Metadata]
Title:macaron moon
TitleUnicode:macaron moon
Artist:YUC'e
ArtistUnicode:YUC'e
Creator:ArtsyJon
Version:Hard
Source:
Tags:
BeatmapID:0
BeatmapSetID:-1

[Difficulty]
HPDrainRate:5
CircleSize:5
OverallDifficulty:5
ApproachRate:5
SliderMultiplier:1.4
SliderTickRate:1

[Events]
//Background and Video events
//Break Periods
//Storyboard Layer 0 (Background)
//Storyboard Layer 1 (Fail)
//Storyboard Layer 2 (Pass)
//Storyboard Layer 3 (Foreground)
//Storyboard Layer 4 (Overlay)
//Storyboard Sound Samples

[TimingPoints]
2099,352.941176470588,4,3,0,100,1,0


[HitObjects]
358,192,2098,5,0,0:0:0:0:
358,192,2451,1,0,0:0:0:0:
153,192,2687,1,0,0:0:0:0:
460,192,2804,1,0,0:0:0:0:
153,192,3040,1,0,0:0:0:0:
358,192,3157,1,0,0:0:0:0:
153,192,3393,1,0,0:0:0:0:
460,192,3510,1,0,0:0:0:0:
153,192,3746,1,0,0:0:0:0:
358,192,3863,1,0,0:0:0:0:
153,192,4098,1,0,0:0:0:0:
460,192,4216,1,0,0:0:0:0:
153,192,4451,1,0,0:0:0:0:
460,192,4569,1,0,0:0:0:0:
153,192,4804,1,0,0:0:0:0:
358,192,4922,1,0,0:0:0:0:
153,192,5275,1,0,0:0:0:0:
358,192,5510,1,0,0:0:0:0:
51,192,5628,1,0,0:0:0:0:
358,192,5863,1,0,0:0:0:0:
153,192,5981,1,0,0:0:0:0:
358,192,6216,1,0,0:0:0:0:
51,192,6334,1,0,0:0:0:0:
358,192,6569,1,0,0:0:0:0:
153,192,6687,1,0,0:0:0:0:
358,192,6922,1,0,0:0:0:0:
51,192,7040,128,0,7746:0:0:0:0:
358,192,7393,128,0,7746:0:0:0:0:
358,192,8098,1,0,0:0:0:0:
153,192,8334,1,0,0:0:0:0:
460,192,8451,1,0,0:0:0:0:
153,192,8687,1,0,0:0:0:0:
358,192,8804,1,0,0:0:0:0:
153,192,9040,1,0,0:0:0:0:
460,192,9157,1,0,0:0:0:0:
153,192,9393,1,0,0:0:0:0:
358,192,9510,1,0,0:0:0:0:
153,192,9746,1,0,0:0:0:0:
460,192,9863,1,0,0:0:0:0:
153,192,10098,1,0,0:0:0:0:
460,192,10216,1,0,0:0:0:0:
460,192,10569,1,0,0:0:0:0:
153,192,10804,1,0,0:0:0:0:
358,192,10922,1,0,0:0:0:0:
256,192,11157,1,0,0:0:0:0:
460,192,11275,1,0,0:0:0:0:
153,192,11510,1,0,0:0:0:0:
358,192,11628,1,0,0:0:0:0:
51,192,11863,1,0,0:0:0:0:
358,192,11981,128,0,12334:0:0:0:0:
153,192,12334,128,0,12687:0:0:0:0:
460,192,12687,128,0,13040:0:0:0:0:
256,192,13040,1,0,0:0:0:0:
460,192,13157,1,0,0:0:0:0:
153,192,13275,1,0,0:0:0:0:
358,192,13393,1,0,0:0:0:0:
358,192,13746,1,0,0:0:0:0:
256,192,13981,1,0,0:0:0:0:
460,192,14098,1,0,0:0:0:0:
153,192,14334,1,0,0:0:0:0:
358,192,14451,1,0,0:0:0:0:
256,192,14687,1,0,0:0:0:0:
460,192,14804,1,0,0:0:0:0:
153,192,15040,1,0,0:0:0:0:
358,192,15157,1,0,0:0:0:0:
256,192,15393,1,0,0:0:0:0:
460,192,15510,1,0,0:0:0:0:
256,192,15746,1,0,0:0:0:0:
460,192,15863,1,0,0:0:0:0:
460,192,16098,1,0,0:0:0:0:
153,192,16216,1,0,0:0:0:0:
153,192,16569,1,0,0:0:0:0:
358,192,16804,1,0,0:0:0:0:
51,192,16922,1,0,0:0:0:0:
358,192,17157,1,0,0:0:0:0:
153,192,17275,1,0,0:0:0:0:
358,192,17510,1,0,0:0:0:0:
51,192,17628,128,0,17863:0:0:0:0:
358,192,17863,1,0,0:0:0:0:
153,192,17981,128,0,18216:0:0:0:0:
358,192,18216,1,0,0:0:0:0:
51,192,18334,128,0,18687:0:0:0:0:
358,192,18687,1,0,0:0:0:0:
153,192,18804,1,0,0:0:0:0:
358,192,18922,1,0,0:0:0:0:
153,192,19040,128,0,19157:0:0:0:0:
358,192,19157,1,0,0:0:0:0:
256,192,19275,1,0,0:0:0:0:
460,192,19393,1,0,0:0:0:0:
256,192,19510,1,0,0:0:0:0:
460,192,19628,1,0,0:0:0:0:
153,192,19746,1,0,0:0:0:0:
358,192,19863,1,0,0:0:0:0:
51,192,19981,1,0,0:0:0:0:
460,192,20098,1,0,0:0:0:0:
153,192,20216,1,0,0:0:0:0:
358,192,20334,1,0,0:0:0:0:
51,192,20451,1,0,0:0:0:0:
460,192,20569,1,0,0:0:0:0:
153,192,20687,1,0,0:0:0:0:
358,192,20804,1,0,0:0:0:0:
51,192,20922,1,0,0:0:0:0:
460,192,21040,1,0,0:0:0:0:
51,192,21157,1,0,0:0:0:0:
256,192,21275,1,0,0:0:0:0:
51,192,21393,1,0,0:0:0:0:
256,192,21510,1,0,0:0:0:0:
51,192,21628,1,0,0:0:0:0:
256,192,21746,1,0,0:0:0:0:
153,192,21863,1,0,0:0:0:0:
358,192,21981,1,0,0:0:0:0:
153,192,22098,1,0,0:0:0:0:
358,192,22216,1,0,0:0:0:0:
153,192,22334,1,0,0:0:0:0:
358,192,22451,1,0,0:0:0:0:
51,192,22569,1,0,0:0:0:0:
460,192,22687,1,0,0:0:0:0:
51,192,22804,1,0,0:0:0:0:
358,192,22922,1,0,0:0:0:0:
256,192,22966,1,0,0:0:0:0:
358,192,23010,1,0,0:0:0:0:
256,192,23054,1,0,0:0:0:0:
358,192,23098,1,0,0:0:0:0:
256,192,23143,1,0,0:0:0:0:
358,192,23187,1,0,0:0:0:0:
256,192,23231,1,0,0:0:0:0:
358,192,23275,1,0,0:0:0:0:
256,192,24216,1,0,0:0:0:0:
153,192,24268,1,0,0:0:0:0:
358,192,24304,1,0,0:0:0:0:
51,192,24687,128,0,25040:0:0:0:0:
153,192,25040,1,0,0:0:0:0:
51,192,25157,1,0,0:0:0:0:
256,192,25275,1,0,0:0:0:0:
153,192,25393,1,0,0:0:0:0:
358,192,25510,1,0,0:0:0:0:
256,192,25628,1,0,0:0:0:0:
460,192,25746,128,0,26804:0:0:0:0:
358,192,26804,1,0,0:0:0:0:
460,192,27157,1,0,0:0:0:0:
358,192,27393,1,0,0:0:0:0:
460,192,27510,128,0,27863:0:0:0:0:
358,192,27863,1,0,0:0:0:0:
460,192,27981,1,0,0:0:0:0:
256,192,28098,1,0,0:0:0:0:
358,192,28216,1,0,0:0:0:0:
153,192,28334,1,0,0:0:0:0:
256,192,28451,1,0,0:0:0:0:
51,192,28569,128,0,29157:0:0:0:0:
51,192,29628,128,0,29981:0:0:0:0:
460,192,29981,1,0,0:0:0:0:
153,192,30216,1,0,0:0:0:0:
460,192,30334,128,0,30687:0:0:0:0:
358,192,30687,1,0,0:0:0:0:
460,192,30804,1,0,0:0:0:0:
256,192,30922,1,0,0:0:0:0:
358,192,31040,1,0,0:0:0:0:
153,192,31157,1,0,0:0:0:0:
256,192,31275,1,0,0:0:0:0:
51,192,31393,128,0,32451:0:0:0:0:
153,192,32451,1,0,0:0:0:0:
51,192,32804,1,0,0:0:0:0:
153,192,33040,1,0,0:0:0:0:
51,192,33157,128,0,33510:0:0:0:0:
153,192,33510,1,0,0:0:0:0:
51,192,33628,1,0,0:0:0:0:
256,192,33746,1,0,0:0:0:0:
153,192,33863,1,0,0:0:0:0:
358,192,33981,1,0,0:0:0:0:
256,192,34098,1,0,0:0:0:0:
460,192,34216,128,0,34922:0:0:0:0:
460,192,35275,128,0,35628:0:0:0:0:
358,192,35628,1,0,0:0:0:0:
460,192,35746,1,0,0:0:0:0:
358,192,35863,1,0,0:0:0:0:
460,192,35981,128,0,36334:0:0:0:0:
358,192,36334,1,0,0:0:0:0:
460,192,36451,1,0,0:0:0:0:
256,192,36569,1,0,0:0:0:0:
358,192,36687,1,0,0:0:0:0:
153,192,36804,1,0,0:0:0:0:
256,192,36922,1,0,0:0:0:0:
51,192,37040,128,0,38098:0:0:0:0:
460,192,37393,1,0,0:0:0:0:
460,192,37746,1,0,0:0:0:0:
460,192,38098,1,0,0:0:0:0:
51,192,38451,1,0,0:0:0:0:
358,192,38687,1,0,0:0:0:0:
51,192,38804,128,0,39157:0:0:0:0:
153,192,39157,1,0,0:0:0:0:
51,192,39275,1,0,0:0:0:0:
256,192,39393,1,0,0:0:0:0:
153,192,39510,1,0,0:0:0:0:
358,192,39628,1,0,0:0:0:0:
256,192,39746,1,0,0:0:0:0:
460,192,39863,128,0,40922:0:0:0:0:
51,192,40216,1,0,0:0:0:0:
51,192,40569,1,0,0:0:0:0:
51,192,40922,1,0,0:0:0:0:
460,192,41275,1,0,0:0:0:0:
256,192,41510,1,0,0:0:0:0:
460,192,41628,128,0,41981:0:0:0:0:
153,192,41981,1,0,0:0:0:0:
358,192,42098,1,0,0:0:0:0:
153,192,42216,1,0,0:0:0:0:
460,192,42334,128,0,42687:0:0:0:0:
153,192,42687,1,0,0:0:0:0:
358,192,42804,1,0,0:0:0:0:
153,192,42922,1,0,0:0:0:0:
358,192,43040,128,0,43393:0:0:0:0:
153,192,43393,1,0,0:0:0:0:
358,192,43510,1,0,0:0:0:0:
153,192,43628,1,0,0:0:0:0:
460,192,43746,128,0,44098:0:0:0:0:
153,192,44098,1,0,0:0:0:0:
358,192,44216,1,0,0:0:0:0:
153,192,44334,1,0,0:0:0:0:
358,192,44451,128,0,44804:0:0:0:0:
153,192,44804,128,0,45157:0:0:0:0:
358,192,45157,128,0,45510:0:0:0:0:
256,192,45510,128,0,45863:0:0:0:0:
358,192,46216,1,0,0:0:0:0:
256,192,46569,1,0,0:0:0:0:
153,192,46922,1,0,0:0:0:0:
51,192,47275,1,0,0:0:0:0:
460,192,47275,1,0,0:0:0:0:
358,192,47628,128,0,47863:0:0:0:0:
153,192,47981,1,0,0:0:0:0:
256,192,48098,1,0,0:0:0:0:
51,192,48216,1,0,0:0:0:0:
358,192,48334,1,0,0:0:0:0:
153,192,48451,128,0,48687:0:0:0:0:
358,192,48687,1,0,0:0:0:0:
51,192,48804,1,0,0:0:0:0:
256,192,48922,128,0,49040:0:0:0:0:
153,192,49040,128,0,49157:0:0:0:0:
358,192,49157,128,0,49275:0:0:0:0:
51,192,49275,128,0,49393:0:0:0:0:
460,192,49393,1,0,0:0:0:0:
153,192,49510,1,0,0:0:0:0:
460,192,49628,1,0,0:0:0:0:
256,192,49746,1,0,0:0:0:0:
460,192,49863,128,0,50098:0:0:0:0:
153,192,50098,128,0,50334:0:0:0:0:
358,192,50451,1,0,0:0:0:0:
153,192,50569,1,0,0:0:0:0:
358,192,50687,1,0,0:0:0:0:
153,192,50804,128,0,51040:0:0:0:0:
358,192,51157,1,0,0:0:0:0:
153,192,51393,1,0,0:0:0:0:
460,192,51510,128,0,51746:0:0:0:0:
460,192,51863,128,0,51981:0:0:0:0:
256,192,51981,1,0,0:0:0:0:
358,192,52098,1,0,0:0:0:0:
51,192,52216,1,0,0:0:0:0:
358,192,52334,1,0,0:0:0:0:
153,192,52451,1,0,0:0:0:0:
460,192,52569,128,0,52922:0:0:0:0:
51,192,53275,1,0,0:0:0:0:
460,192,53275,1,0,0:0:0:0:
153,192,53510,1,0,0:0:0:0:
358,192,53628,128,0,53863:0:0:0:0:
153,192,53981,1,0,0:0:0:0:
256,192,54098,1,0,0:0:0:0:
153,192,54216,1,0,0:0:0:0:
460,192,54334,128,0,54687:0:0:0:0:
51,192,54687,1,0,0:0:0:0:
358,192,54804,1,0,0:0:0:0:
153,192,54922,1,0,0:0:0:0:
460,192,55040,128,0,55393:0:0:0:0:
256,192,55393,1,0,0:0:0:0:
358,192,55628,1,0,0:0:0:0:
51,192,55746,128,0,56098:0:0:0:0:
358,192,56098,1,0,0:0:0:0:
153,192,56216,1,0,0:0:0:0:
358,192,56334,1,0,0:0:0:0:
51,192,56451,128,0,56804:0:0:0:0:
358,192,56804,1,0,0:0:0:0:
153,192,56922,1,0,0:0:0:0:
358,192,57040,1,0,0:0:0:0:
51,192,57157,128,0,57510:0:0:0:0:
460,192,57510,128,0,57863:0:0:0:0:
51,192,57863,1,0,0:0:0:0:
358,192,57981,1,0,0:0:0:0:
153,192,58098,1,0,0:0:0:0:
358,192,58216,1,0,0:0:0:0:
153,192,58334,1,0,0:0:0:0:
460,192,58451,1,0,0:0:0:0:
256,192,58922,1,0,0:0:0:0:
358,192,59040,1,0,0:0:0:0:
256,192,59157,1,0,0:0:0:0:
460,192,59275,128,0,59510:0:0:0:0:
153,192,59510,1,0,0:0:0:0:
358,192,59628,1,0,0:0:0:0:
256,192,59672,1,0,0:0:0:0:
358,192,59716,1,0,0:0:0:0:
256,192,59760,1,0,0:0:0:0:
358,192,59804,1,0,0:0:0:0:
256,192,59848,1,0,0:0:0:0:
358,192,59893,1,0,0:0:0:0:
256,192,59937,1,0,0:0:0:0:
358,192,59981,1,0,0:0:0:0:
153,192,60334,128,0,60451:0:0:0:0:
358,192,60451,128,0,60569:0:0:0:0:
153,192,60569,128,0,60687:0:0:0:0:
460,192,60687,1,0,0:0:0:0:
256,192,60804,1,0,0:0:0:0:
460,192,60922,1,0,0:0:0:0:
256,192,61040,128,0,61275:0:0:0:0:
460,192,61275,1,0,0:0:0:0:
153,192,61393,128,0,61746:0:0:0:0:
358,192,61746,1,0,0:0:0:0:
153,192,61863,1,0,0:0:0:0:
358,192,61981,1,0,0:0:0:0:
51,192,62098,1,0,0:0:0:0:
358,192,62451,1,0,0:0:0:0:
256,192,62687,1,0,0:0:0:0:
460,192,62804,128,0,63040:0:0:0:0:
460,192,63157,128,0,63275:0:0:0:0:
256,192,63275,1,0,0:0:0:0:
358,192,63393,1,0,0:0:0:0:
51,192,63510,1,0,0:0:0:0:
358,192,63628,1,0,0:0:0:0:
153,192,63746,1,0,0:0:0:0:
460,192,63863,128,0,64216:0:0:0:0:
51,192,64216,1,0,0:0:0:0:
256,192,64334,1,0,0:0:0:0:
153,192,64451,1,0,0:0:0:0:
358,192,64569,1,0,0:0:0:0:
51,192,64687,1,0,0:0:0:0:
358,192,64804,1,0,0:0:0:0:
256,192,64863,1,0,0:0:0:0:
358,192,64922,1,0,0:0:0:0:
153,192,65040,1,0,0:0:0:0:
460,192,65157,1,0,0:0:0:0:
256,192,65275,1,0,0:0:0:0:
153,192,65510,128,0,66334:0:0:0:0:
358,192,65510,128,0,66216:0:0:0:0:
460,192,66334,128,0,66687:0:0:0:0:
153,192,66687,128,0,67040:0:0:0:0:
460,192,67040,128,0,67393:0:0:0:0:
153,192,67393,1,0,0:0:0:0:
358,192,67510,1,0,0:0:0:0:
153,192,67628,1,0,0:0:0:0:
460,192,67746,128,0,68098:0:0:0:0:
153,192,68098,1,0,0:0:0:0:
358,192,68216,1,0,0:0:0:0:
256,192,68334,1,0,0:0:0:0:
460,192,68451,128,0,68804:0:0:0:0:
153,192,68804,128,0,69157:0:0:0:0:
358,192,69157,1,0,0:0:0:0:
256,192,69275,1,0,0:0:0:0:
460,192,69393,1,0,0:0:0:0:
153,192,69510,1,0,0:0:0:0:
460,192,69628,1,0,0:0:0:0:
51,192,69746,1,0,0:0:0:0:
358,192,69863,1,0,0:0:0:0:
358,192,70216,1,0,0:0:0:0:
153,192,70451,1,0,0:0:0:0:
460,192,70569,1,0,0:0:0:0:
153,192,70804,1,0,0:0:0:0:
358,192,70922,1,0,0:0:0:0:
153,192,71157,1,0,0:0:0:0:
460,192,71275,1,0,0:0:0:0:
256,192,71510,1,0,0:0:0:0:
460,192,71628,1,0,0:0:0:0:
153,192,71746,1,0,0:0:0:0:
358,192,71863,1,0,0:0:0:0:
51,192,71981,128,0,72334:0:0:0:0:
358,192,72334,1,0,0:0:0:0:
153,192,72569,1,0,0:0:0:0:
358,192,72687,1,0,0:0:0:0:
358,192,73040,1,0,0:0:0:0:
256,192,73275,1,0,0:0:0:0:
460,192,73393,1,0,0:0:0:0:
153,192,73628,1,0,0:0:0:0:
358,192,73746,1,0,0:0:0:0:
256,192,73981,1,0,0:0:0:0:
460,192,74098,1,0,0:0:0:0:
256,192,74334,1,0,0:0:0:0:
460,192,74451,1,0,0:0:0:0:
153,192,74569,1,0,0:0:0:0:
358,192,74687,1,0,0:0:0:0:
51,192,74804,128,0,75157:0:0:0:0:
358,192,75157,128,0,75510:0:0:0:0:
153,192,75510,1,0,0:0:0:0:
153,192,75863,1,0,0:0:0:0:
358,192,76098,1,0,0:0:0:0:
51,192,76216,1,0,0:0:0:0:
358,192,76451,1,0,0:0:0:0:
153,192,76569,1,0,0:0:0:0:
358,192,76804,1,0,0:0:0:0:
51,192,76922,1,0,0:0:0:0:
256,192,77157,1,0,0:0:0:0:
51,192,77275,1,0,0:0:0:0:
358,192,77393,1,0,0:0:0:0:
153,192,77510,1,0,0:0:0:0:
460,192,77628,128,0,77981:0:0:0:0:
153,192,77981,128,0,78216:0:0:0:0:
358,192,78216,1,0,0:0:0:0:
153,192,78334,1,0,0:0:0:0:
153,192,78687,1,0,0:0:0:0:
358,192,78922,1,0,0:0:0:0:
153,192,79040,1,0,0:0:0:0:
358,192,79275,1,0,0:0:0:0:
153,192,79393,1,0,0:0:0:0:
358,192,79628,1,0,0:0:0:0:
153,192,79746,1,0,0:0:0:0:
460,192,79863,1,0,0:0:0:0:
256,192,79981,1,0,0:0:0:0:
460,192,80098,128,0,80334:0:0:0:0:
153,192,80334,1,0,0:0:0:0:
460,192,80451,1,0,0:0:0:0:
256,192,80569,1,0,0:0:0:0:
358,192,80687,1,0,0:0:0:0:
51,192,80687,128,0,81040:0:0:0:0:
358,192,81040,1,0,0:0:0:0:
153,192,81157,5,0,0:0:0:0:
153,192,81510,1,0,0:0:0:0:
358,192,81746,1,0,0:0:0:0:
51,192,81863,1,0,0:0:0:0:
358,192,82098,1,0,0:0:0:0:
153,192,82216,1,0,0:0:0:0:
358,192,82451,1,0,0:0:0:0:
51,192,82569,1,0,0:0:0:0:
358,192,82804,1,0,0:0:0:0:
153,192,82922,1,0,0:0:0:0:
358,192,83157,1,0,0:0:0:0:
51,192,83275,1,0,0:0:0:0:
358,192,83510,1,0,0:0:0:0:
153,192,83628,1,0,0:0:0:0:
358,192,83863,1,0,0:0:0:0:
51,192,83981,1,0,0:0:0:0:
358,192,84334,1,0,0:0:0:0:
153,192,84569,1,0,0:0:0:0:
460,192,84687,1,0,0:0:0:0:
153,192,84922,1,0,0:0:0:0:
358,192,85040,1,0,0:0:0:0:
153,192,85275,1,0,0:0:0:0:
460,192,85393,1,0,0:0:0:0:
153,192,85628,1,0,0:0:0:0:
358,192,85746,1,0,0:0:0:0:
153,192,85981,1,0,0:0:0:0:
460,192,86098,128,0,86804:0:0:0:0:
153,192,86451,128,0,86804:0:0:0:0:
358,192,87157,1,0,0:0:0:0:
153,192,87393,1,0,0:0:0:0:
460,192,87510,1,0,0:0:0:0:
153,192,87746,1,0,0:0:0:0:
358,192,87863,1,0,0:0:0:0:
153,192,88098,1,0,0:0:0:0:
460,192,88216,1,0,0:0:0:0:
153,192,88451,1,0,0:0:0:0:
358,192,88569,1,0,0:0:0:0:
153,192,88804,1,0,0:0:0:0:
460,192,88922,1,0,0:0:0:0:
51,192,89275,1,0,0:0:0:0:
460,192,89628,1,0,0:0:0:0:
153,192,89981,1,0,0:0:0:0:
358,192,90216,1,0,0:0:0:0:
51,192,90334,1,0,0:0:0:0:
358,192,90569,1,0,0:0:0:0:
153,192,90687,1,0,0:0:0:0:
358,192,90922,1,0,0:0:0:0:
51,192,91040,128,0,91393:0:0:0:0:
358,192,91393,128,0,91746:0:0:0:0:
153,192,91746,128,0,92451:0:0:0:0:
358,192,92098,128,0,92451:0:0:0:0:
358,192,92804,1,0,0:0:0:0:
256,192,93040,1,0,0:0:0:0:
460,192,93157,1,0,0:0:0:0:
153,192,93393,1,0,0:0:0:0:
358,192,93510,1,0,0:0:0:0:
256,192,93746,1,0,0:0:0:0:
460,192,93863,1,0,0:0:0:0:
153,192,94098,1,0,0:0:0:0:
358,192,94216,1,0,0:0:0:0:
256,192,94451,1,0,0:0:0:0:
460,192,94569,1,0,0:0:0:0:
256,192,94804,1,0,0:0:0:0:
460,192,94922,1,0,0:0:0:0:
460,192,95157,1,0,0:0:0:0:
153,192,95275,1,0,0:0:0:0:
153,192,95628,1,0,0:0:0:0:
358,192,95863,1,0,0:0:0:0:
51,192,95981,1,0,0:0:0:0:
358,192,96216,1,0,0:0:0:0:
153,192,96334,1,0,0:0:0:0:
358,192,96569,1,0,0:0:0:0:
51,192,96687,128,0,96922:0:0:0:0:
358,192,96922,1,0,0:0:0:0:
153,192,97040,128,0,97275:0:0:0:0:
358,192,97275,1,0,0:0:0:0:
51,192,97393,128,0,97746:0:0:0:0:
358,192,97746,1,0,0:0:0:0:
358,192,98098,1,0,0:0:0:0:
256,192,98216,1,0,0:0:0:0:
460,192,98334,1,0,0:0:0:0:
153,192,98451,1,0,0:0:0:0:
358,192,98569,1,0,0:0:0:0:
153,192,98687,1,0,0:0:0:0:
358,192,98804,1,0,0:0:0:0:
51,192,98922,1,0,0:0:0:0:
256,192,99040,1,0,0:0:0:0:
153,192,99157,1,0,0:0:0:0:
460,192,99275,1,0,0:0:0:0:
256,192,99393,1,0,0:0:0:0:
460,192,99510,1,0,0:0:0:0:
153,192,99628,1,0,0:0:0:0:
358,192,99746,1,0,0:0:0:0:
153,192,99863,1,0,0:0:0:0:
358,192,99981,1,0,0:0:0:0:
153,192,100098,1,0,0:0:0:0:
460,192,100216,1,0,0:0:0:0:
153,192,100334,1,0,0:0:0:0:
358,192,100451,1,0,0:0:0:0:
51,192,100569,1,0,0:0:0:0:
358,192,100687,1,0,0:0:0:0:
153,192,100804,1,0,0:0:0:0:
358,192,100922,1,0,0:0:0:0:
51,192,101040,1,0,0:0:0:0:
358,192,101157,1,0,0:0:0:0:
153,192,101275,1,0,0:0:0:0:
358,192,101393,1,0,0:0:0:0:
153,192,101510,1,0,0:0:0:0:
358,192,101628,1,0,0:0:0:0:
256,192,101687,1,0,0:0:0:0:
358,192,101746,1,0,0:0:0:0:
153,192,101863,1,0,0:0:0:0:
358,192,101981,1,0,0:0:0:0:
256,192,102040,1,0,0:0:0:0:
358,192,102098,1,0,0:0:0:0:
256,192,102157,1,0,0:0:0:0:
358,192,102216,1,0,0:0:0:0:
256,192,102275,1,0,0:0:0:0:
460,192,102334,1,0,0:0:0:0:
256,192,102510,1,0,0:0:0:0:
460,192,102687,1,0,0:0:0:0:
256,192,102746,1,0,0:0:0:0:
358,192,102804,1,0,0:0:0:0:
256,192,102863,1,0,0:0:0:0:
460,192,102922,1,0,0:0:0:0:
153,192,103040,1,0,0:0:0:0:
358,192,103157,1,0,0:0:0:0:
51,192,103275,1,0,0:0:0:0:
256,192,103393,1,0,0:0:0:0:
153,192,103451,1,0,0:0:0:0:
256,192,103510,1,0,0:0:0:0:
153,192,103569,1,0,0:0:0:0:
256,192,103628,1,0,0:0:0:0:
153,192,103687,1,0,0:0:0:0:
256,192,103746,1,0,0:0:0:0:
358,192,104098,1,0,0:0:0:0:
460,192,104451,1,0,0:0:0:0:
51,192,104451,1,0,0:0:0:0:
358,192,104804,1,0,0:0:0:0:
51,192,105157,1,0,0:0:0:0:
460,192,105157,1,0,0:0:0:0:
153,192,105393,1,0,0:0:0:0:
358,192,105510,1,0,0:0:0:0:
153,192,105687,1,0,0:0:0:0:
460,192,105863,1,0,0:0:0:0:
51,192,105863,1,0,0:0:0:0:
153,192,106098,1,0,0:0:0:0:
358,192,106216,1,0,0:0:0:0:
153,192,106451,1,0,0:0:0:0:
51,192,106569,1,0,0:0:0:0:
460,192,106569,1,0,0:0:0:0:
153,192,106804,1,0,0:0:0:0:
460,192,106922,1,0,0:0:0:0:
256,192,107157,1,0,0:0:0:0:
460,192,107275,1,0,0:0:0:0:
51,192,107275,1,0,0:0:0:0:
358,192,107628,1,0,0:0:0:0:
153,192,107863,1,0,0:0:0:0:
460,192,107981,1,0,0:0:0:0:
51,192,107981,1,0,0:0:0:0:
153,192,108216,1,0,0:0:0:0:
358,192,108334,1,0,0:0:0:0:
153,192,108569,1,0,0:0:0:0:
460,192,108687,1,0,0:0:0:0:
51,192,108687,1,0,0:0:0:0:
153,192,108922,1,0,0:0:0:0:
358,192,109040,1,0,0:0:0:0:
256,192,109275,1,0,0:0:0:0:
51,192,109393,128,0,109746:0:0:0:0:
460,192,109393,128,0,109746:0:0:0:0:
153,192,109981,1,0,0:0:0:0:
51,192,110098,1,0,0:0:0:0:
460,192,110098,1,0,0:0:0:0:
153,192,110334,1,0,0:0:0:0:
358,192,110451,1,0,0:0:0:0:
153,192,110687,1,0,0:0:0:0:
51,192,110804,1,0,0:0:0:0:
460,192,110804,1,0,0:0:0:0:
153,192,111157,1,0,0:0:0:0:
358,192,111393,1,0,0:0:0:0:
51,192,111510,1,0,0:0:0:0:
460,192,111510,1,0,0:0:0:0:
153,192,111863,1,0,0:0:0:0:
51,192,112216,1,0,0:0:0:0:
460,192,112216,1,0,0:0:0:0:
153,192,112451,1,0,0:0:0:0:
358,192,112687,1,0,0:0:0:0:
51,192,112922,1,0,0:0:0:0:
460,192,112922,1,0,0:0:0:0:
153,192,113157,1,0,0:0:0:0:
358,192,113393,1,0,0:0:0:0:
51,192,113628,1,0,0:0:0:0:
460,192,113628,1,0,0:0:0:0:
153,192,113863,1,0,0:0:0:0:
358,192,113981,1,0,0:0:0:0:
153,192,114216,1,0,0:0:0:0:
51,192,114334,1,0,0:0:0:0:
460,192,114334,1,0,0:0:0:0:
358,192,114569,1,0,0:0:0:0:
153,192,114687,1,0,0:0:0:0:
51,192,115040,1,0,0:0:0:0:
460,192,115040,1,0,0:0:0:0:
256,192,115393,1,0,0:0:0:0:
51,192,115746,1,0,0:0:0:0:
460,192,115746,1,0,0:0:0:0:
358,192,115981,1,0,0:0:0:0:
153,192,116098,1,0,0:0:0:0:
256,192,116334,1,0,0:0:0:0:
51,192,116451,1,0,0:0:0:0:
460,192,116451,1,0,0:0:0:0:
358,192,116687,1,0,0:0:0:0:
153,192,116804,1,0,0:0:0:0:
256,192,117040,1,0,0:0:0:0:
51,192,117157,1,0,0:0:0:0:
460,192,117157,1,0,0:0:0:0:
358,192,117393,1,0,0:0:0:0:
153,192,117510,1,0,0:0:0:0:
358,192,117746,1,0,0:0:0:0:
460,192,117863,1,0,0:0:0:0:
51,192,117863,1,0,0:0:0:0:
153,192,117981,1,0,0:0:0:0:
358,192,118098,1,0,0:0:0:0:
153,192,118216,1,0,0:0:0:0:
358,192,118334,1,0,0:0:0:0:
153,192,118451,1,0,0:0:0:0:
460,192,118569,1,0,0:0:0:0:
51,192,118569,1,0,0:0:0:0:
358,192,118687,1,0,0:0:0:0:
153,192,118804,1,0,0:0:0:0:
358,192,118922,1,0,0:0:0:0:
153,192,119157,1,0,0:0:0:0:
51,192,119275,1,0,0:0:0:0:
460,192,119275,1,0,0:0:0:0:
358,192,119510,1,0,0:0:0:0:
153,192,119628,1,0,0:0:0:0:
460,192,119981,128,0,120334:0:0:0:0:
51,192,119981,128,0,120334:0:0:0:0:
51,192,120687,1,0,0:0:0:0:
460,192,120687,1,0,0:0:0:0:
358,192,120804,1,0,0:0:0:0:
51,192,120922,1,0,0:0:0:0:
256,192,121040,1,0,0:0:0:0:
153,192,121275,1,0,0:0:0:0:
51,192,121393,1,0,0:0:0:0:
460,192,121393,1,0,0:0:0:0:
358,192,121628,1,0,0:0:0:0:
153,192,121746,1,0,0:0:0:0:
51,192,122098,1,0,0:0:0:0:
460,192,122098,1,0,0:0:0:0:
153,192,122216,1,0,0:0:0:0:
358,192,122334,1,0,0:0:0:0:
256,192,122451,1,0,0:0:0:0:
460,192,122569,1,0,0:0:0:0:
153,192,122687,1,0,0:0:0:0:
51,192,122804,1,0,0:0:0:0:
460,192,122804,1,0,0:0:0:0:
51,192,123040,1,0,0:0:0:0:
460,192,123040,1,0,0:0:0:0:
460,192,123510,128,0,123863:0:0:0:0:
256,192,123863,128,0,124216:0:0:0:0:
358,192,124216,128,0,124569:0:0:0:0:
51,192,124569,128,0,124922:0:0:0:0:
460,192,124922,1,0,0:0:0:0:
153,192,125275,1,0,0:0:0:0:
358,192,125393,1,0,0:0:0:0:
256,192,125510,1,0,0:0:0:0:
460,192,125628,1,0,0:0:0:0:
153,192,125746,1,0,0:0:0:0:
358,192,125863,1,0,0:0:0:0:
51,192,125981,1,0,0:0:0:0:
460,192,126334,128,0,126687:0:0:0:0:
358,192,126687,1,0,0:0:0:0:
460,192,126804,1,0,0:0:0:0:
256,192,126922,1,0,0:0:0:0:
358,192,127040,1,0,0:0:0:0:
153,192,127157,1,0,0:0:0:0:
256,192,127275,1,0,0:0:0:0:
51,192,127393,128,0,128451:0:0:0:0:
460,192,128451,1,0,0:0:0:0:
51,192,128804,1,0,0:0:0:0:
256,192,129040,1,0,0:0:0:0:
51,192,129157,128,0,129510:0:0:0:0:
153,192,129510,1,0,0:0:0:0:
51,192,129628,1,0,0:0:0:0:
256,192,129746,1,0,0:0:0:0:
153,192,129863,1,0,0:0:0:0:
358,192,129981,1,0,0:0:0:0:
256,192,130098,1,0,0:0:0:0:
460,192,130216,128,0,130804:0:0:0:0:
460,192,131275,128,0,131628:0:0:0:0:
51,192,131628,1,0,0:0:0:0:
256,192,131863,1,0,0:0:0:0:
51,192,131981,128,0,132334:0:0:0:0:
153,192,132334,1,0,0:0:0:0:
51,192,132451,1,0,0:0:0:0:
256,192,132569,1,0,0:0:0:0:
153,192,132687,1,0,0:0:0:0:
358,192,132804,1,0,0:0:0:0:
256,192,132922,1,0,0:0:0:0:
460,192,133040,128,0,134098:0:0:0:0:
51,192,134098,1,0,0:0:0:0:
460,192,134451,1,0,0:0:0:0:
256,192,134687,1,0,0:0:0:0:
460,192,134804,128,0,135157:0:0:0:0:
358,192,135157,1,0,0:0:0:0:
460,192,135275,1,0,0:0:0:0:
256,192,135393,1,0,0:0:0:0:
358,192,135510,1,0,0:0:0:0:
153,192,135628,1,0,0:0:0:0:
256,192,135746,1,0,0:0:0:0:
51,192,135863,128,0,136569:0:0:0:0:
51,192,136922,128,0,137275:0:0:0:0:
358,192,137275,1,0,0:0:0:0:
153,192,137393,1,0,0:0:0:0:
460,192,137510,1,0,0:0:0:0:
51,192,137628,128,0,137981:0:0:0:0:
153,192,137981,1,0,0:0:0:0:
51,192,138098,1,0,0:0:0:0:
256,192,138216,1,0,0:0:0:0:
153,192,138334,1,0,0:0:0:0:
358,192,138451,1,0,0:0:0:0:
256,192,138569,1,0,0:0:0:0:
460,192,138687,128,0,139746:0:0:0:0:
51,192,139040,1,0,0:0:0:0:
51,192,139393,1,0,0:0:0:0:
51,192,139746,1,0,0:0:0:0:
460,192,140098,1,0,0:0:0:0:
256,192,140334,1,0,0:0:0:0:
460,192,140451,128,0,140804:0:0:0:0:
358,192,140804,1,0,0:0:0:0:
460,192,140922,1,0,0:0:0:0:
256,192,141040,1,0,0:0:0:0:
358,192,141157,1,0,0:0:0:0:
153,192,141275,1,0,0:0:0:0:
256,192,141393,1,0,0:0:0:0:
51,192,141510,128,0,142569:0:0:0:0:
460,192,141863,1,0,0:0:0:0:
460,192,142216,1,0,0:0:0:0:
460,192,142569,1,0,0:0:0:0:
51,192,142922,1,0,0:0:0:0:
256,192,143157,1,0,0:0:0:0:
51,192,143275,128,0,143628:0:0:0:0:
358,192,143628,1,0,0:0:0:0:
153,192,143746,1,0,0:0:0:0:
358,192,143863,1,0,0:0:0:0:
51,192,143981,128,0,144334:0:0:0:0:
358,192,144334,1,0,0:0:0:0:
153,192,144451,1,0,0:0:0:0:
358,192,144569,1,0,0:0:0:0:
153,192,144687,128,0,145040:0:0:0:0:
358,192,145040,1,0,0:0:0:0:
153,192,145157,1,0,0:0:0:0:
358,192,145275,1,0,0:0:0:0:
51,192,145393,128,0,145746:0:0:0:0:
358,192,145746,1,0,0:0:0:0:
153,192,145863,1,0,0:0:0:0:
358,192,145981,1,0,0:0:0:0:
153,192,146098,128,0,146451:0:0:0:0:
358,192,146451,128,0,146804:0:0:0:0:
153,192,146804,128,0,147157:0:0:0:0:
256,192,147157,128,0,147510:0:0:0:0:
358,192,147863,1,0,0:0:0:0:
256,192,148216,1,0,0:0:0:0:
153,192,148569,1,0,0:0:0:0:
51,192,148922,1,0,0:0:0:0:
460,192,148922,1,0,0:0:0:0:
358,192,149275,128,0,149510:0:0:0:0:
153,192,149628,1,0,0:0:0:0:
256,192,149746,1,0,0:0:0:0:
51,192,149863,1,0,0:0:0:0:
358,192,149981,1,0,0:0:0:0:
153,192,150098,128,0,150334:0:0:0:0:
358,192,150334,1,0,0:0:0:0:
51,192,150451,1,0,0:0:0:0:
256,192,150569,128,0,150687:0:0:0:0:
153,192,150687,128,0,150804:0:0:0:0:
358,192,150804,128,0,150922:0:0:0:0:
51,192,150922,128,0,151040:0:0:0:0:
460,192,151040,1,0,0:0:0:0:
153,192,151157,1,0,0:0:0:0:
460,192,151275,1,0,0:0:0:0:
256,192,151393,1,0,0:0:0:0:
460,192,151510,128,0,151746:0:0:0:0:
153,192,151746,128,0,151981:0:0:0:0:
358,192,152098,1,0,0:0:0:0:
153,192,152216,1,0,0:0:0:0:
358,192,152334,1,0,0:0:0:0:
153,192,152451,128,0,152687:0:0:0:0:
358,192,152804,1,0,0:0:0:0:
153,192,153040,1,0,0:0:0:0:
460,192,153157,128,0,153393:0:0:0:0:
460,192,153510,128,0,153628:0:0:0:0:
256,192,153628,1,0,0:0:0:0:
358,192,153746,1,0,0:0:0:0:
51,192,153863,1,0,0:0:0:0:
358,192,153981,1,0,0:0:0:0:
153,192,154098,1,0,0:0:0:0:
460,192,154216,128,0,154569:0:0:0:0:
51,192,154922,1,0,0:0:0:0:
460,192,154922,1,0,0:0:0:0:
153,192,155157,1,0,0:0:0:0:
358,192,155275,128,0,155510:0:0:0:0:
153,192,155628,1,0,0:0:0:0:
256,192,155746,1,0,0:0:0:0:
153,192,155863,1,0,0:0:0:0:
460,192,155981,128,0,156334:0:0:0:0:
51,192,156334,1,0,0:0:0:0:
358,192,156451,1,0,0:0:0:0:
153,192,156569,1,0,0:0:0:0:
460,192,156687,128,0,157040:0:0:0:0:
256,192,157040,1,0,0:0:0:0:
358,192,157275,1,0,0:0:0:0:
51,192,157393,128,0,157746:0:0:0:0:
358,192,157746,1,0,0:0:0:0:
153,192,157863,1,0,0:0:0:0:
358,192,157981,1,0,0:0:0:0:
51,192,158098,128,0,158451:0:0:0:0:
358,192,158451,1,0,0:0:0:0:
153,192,158569,1,0,0:0:0:0:
358,192,158687,1,0,0:0:0:0:
51,192,158804,128,0,159157:0:0:0:0:
460,192,159157,128,0,159510:0:0:0:0:
51,192,159510,1,0,0:0:0:0:
358,192,159628,1,0,0:0:0:0:
153,192,159746,1,0,0:0:0:0:
358,192,159863,1,0,0:0:0:0:
153,192,159981,1,0,0:0:0:0:
460,192,160098,1,0,0:0:0:0:
256,192,160569,1,0,0:0:0:0:
358,192,160687,1,0,0:0:0:0:
256,192,160804,1,0,0:0:0:0:
460,192,160922,128,0,161157:0:0:0:0:
153,192,161157,1,0,0:0:0:0:
358,192,161275,1,0,0:0:0:0:
256,192,161319,1,0,0:0:0:0:
358,192,161363,1,0,0:0:0:0:
256,192,161407,1,0,0:0:0:0:
358,192,161451,1,0,0:0:0:0:
256,192,161496,1,0,0:0:0:0:
358,192,161540,1,0,0:0:0:0:
256,192,161584,1,0,0:0:0:0:
358,192,161628,1,0,0:0:0:0:
153,192,161981,128,0,162098:0:0:0:0:
358,192,162098,128,0,162216:0:0:0:0:
153,192,162216,128,0,162334:0:0:0:0:
460,192,162334,1,0,0:0:0:0:
256,192,162451,1,0,0:0:0:0:
460,192,162569,1,0,0:0:0:0:
256,192,162687,128,0,162922:0:0:0:0:
460,192,162922,1,0,0:0:0:0:
153,192,163040,128,0,163393:0:0:0:0:
358,192,163393,1,0,0:0:0:0:
153,192,163510,1,0,0:0:0:0:
358,192,163628,1,0,0:0:0:0:
51,192,163746,1,0,0:0:0:0:
358,192,164098,1,0,0:0:0:0:
256,192,164334,1,0,0:0:0:0:
460,192,164451,128,0,164687:0:0:0:0:
460,192,164804,128,0,164922:0:0:0:0:
256,192,164922,1,0,0:0:0:0:
358,192,165040,1,0,0:0:0:0:
51,192,165157,1,0,0:0:0:0:
358,192,165275,1,0,0:0:0:0:
153,192,165393,1,0,0:0:0:0:
460,192,165510,128,0,165863:0:0:0:0:
51,192,165863,1,0,0:0:0:0:
256,192,165981,1,0,0:0:0:0:
153,192,166098,1,0,0:0:0:0:
358,192,166216,1,0,0:0:0:0:
51,192,166334,1,0,0:0:0:0:
358,192,166451,1,0,0:0:0:0:
256,192,166510,1,0,0:0:0:0:
358,192,166569,1,0,0:0:0:0:
153,192,166687,1,0,0:0:0:0:
460,192,166804,1,0,0:0:0:0:
256,192,166922,1,0,0:0:0:0:
153,192,167157,128,0,167981:0:0:0:0:
358,192,167157,128,0,167863:0:0:0:0:
460,192,167981,128,0,168334:0:0:0:0:
153,192,168334,128,0,168687:0:0:0:0:
460,192,168687,128,0,169040:0:0:0:0:
153,192,169040,1,0,0:0:0:0:
358,192,169157,1,0,0:0:0:0:
153,192,169275,1,0,0:0:0:0:
460,192,169393,128,0,169746:0:0:0:0:
153,192,169746,1,0,0:0:0:0:
358,192,169863,1,0,0:0:0:0:
256,192,169981,1,0,0:0:0:0:
460,192,170098,128,0,170451:0:0:0:0:
153,192,170451,128,0,170804:0:0:0:0:
358,192,170804,1,0,0:0:0:0:
256,192,170922,1,0,0:0:0:0:
460,192,171040,1,0,0:0:0:0:
153,192,171157,1,0,0:0:0:0:
460,192,171275,1,0,0:0:0:0:
51,192,171393,1,0,0:0:0:0:
358,192,171510,1,0,0:0:0:0:
358,192,171863,1,0,0:0:0:0:
153,192,172098,1,0,0:0:0:0:
460,192,172216,1,0,0:0:0:0:
51,192,172451,1,0,0:0:0:0:
358,192,172569,1,0,0:0:0:0:
153,192,172804,1,0,0:0:0:0:
460,192,172922,1,0,0:0:0:0:
256,192,173157,1,0,0:0:0:0:
460,192,173275,1,0,0:0:0:0:
153,192,173393,1,0,0:0:0:0:
358,192,173510,1,0,0:0:0:0:
51,192,173628,128,0,173981:0:0:0:0:
358,192,173981,1,0,0:0:0:0:
153,192,174216,1,0,0:0:0:0:
358,192,174334,1,0,0:0:0:0:
358,192,174687,1,0,0:0:0:0:
256,192,174922,1,0,0:0:0:0:
460,192,175040,1,0,0:0:0:0:
153,192,175275,1,0,0:0:0:0:
358,192,175393,1,0,0:0:0:0:
256,192,175628,1,0,0:0:0:0:
460,192,175746,1,0,0:0:0:0:
256,192,175981,1,0,0:0:0:0:
460,192,176098,1,0,0:0:0:0:
153,192,176216,1,0,0:0:0:0:
358,192,176334,1,0,0:0:0:0:
51,192,176451,128,0,176804:0:0:0:0:
358,192,176804,128,0,177157:0:0:0:0:
153,192,177157,1,0,0:0:0:0:
153,192,177510,1,0,0:0:0:0:
358,192,177746,1,0,0:0:0:0:
51,192,177863,1,0,0:0:0:0:
460,192,178098,1,0,0:0:0:0:
153,192,178216,1,0,0:0:0:0:
358,192,178451,1,0,0:0:0:0:
51,192,178569,1,0,0:0:0:0:
256,192,178804,1,0,0:0:0:0:
51,192,178922,1,0,0:0:0:0:
358,192,179040,1,0,0:0:0:0:
153,192,179157,1,0,0:0:0:0:
460,192,179275,128,0,179628:0:0:0:0:
153,192,179628,128,0,179863:0:0:0:0:
358,192,179863,1,0,0:0:0:0:
153,192,179981,1,0,0:0:0:0:
153,192,180334,1,0,0:0:0:0:
358,192,180569,1,0,0:0:0:0:
153,192,180687,1,0,0:0:0:0:
358,192,180922,1,0,0:0:0:0:
153,192,181040,1,0,0:0:0:0:
358,192,181275,1,0,0:0:0:0:
153,192,181393,1,0,0:0:0:0:
358,192,181628,1,0,0:0:0:0:
51,192,181746,1,0,0:0:0:0:
460,192,181863,1,0,0:0:0:0:
256,192,181981,1,0,0:0:0:0:
460,192,182098,128,0,182804:0:0:0:0:
51,192,182451,128,0,182804:0:0:0:0:
