osu file format v14

[General]
AudioFilename: audio.mp3
AudioLeadIn: 0
PreviewTime: -1
Countdown: 0
SampleSet: Normal
StackLeniency: 0.7
Mode: 3
LetterboxInBreaks: 0
SpecialStyle: 0
WidescreenStoryboard: 0

[Editor]
DistanceSpacing: 1.3
BeatDivisor: 4
GridSize: 4
TimelineZoom: 1

[Metadata]
Title:Future Candy
TitleUnicode:Future Candy
Artist:YUC'e
ArtistUnicode:YUC'e
Creator:aim hacs
Version:Hard
Source:
Tags:
BeatmapID:0
BeatmapSetID:-1

[Difficulty]
HPDrainRate:6
CircleSize:5
OverallDifficulty:8
ApproachRate:5
SliderMultiplier:1.4
SliderTickRate:1

[Events]
//Background and Video events
//Break Periods
//Storyboard Layer 0 (Background)
//Storyboard Layer 1 (Fail)
//Storyboard Layer 2 (Pass)
//Storyboard Layer 3 (Foreground)
//Storyboard Layer 4 (Overlay)
//Storyboard Sound Samples

[TimingPoints]
0,333.333333333333,4,1,0,100,1,0


[HitObjects]
51,192,0,128,0,666:0:0:0:0:
256,192,666,1,0,0:0:0:0:
358,192,1000,1,0,0:0:0:0:
460,192,1333,1,0,0:0:0:0:
256,192,1333,128,0,2000:0:0:0:0:
153,192,2000,1,0,0:0:0:0:
256,192,2333,1,0,0:0:0:0:
358,192,2666,1,0,0:0:0:0:
51,192,2666,128,0,3333:0:0:0:0:
153,192,3000,1,0,0:0:0:0:
358,192,3333,1,0,0:0:0:0:
153,192,3666,1,0,0:0:0:0:
256,192,4000,128,0,4666:0:0:0:0:
460,192,4000,1,0,0:0:0:0:
51,192,4666,1,0,0:0:0:0:
153,192,4999,1,0,0:0:0:0:
153,192,5333,128,0,6000:0:0:0:0:
256,192,5333,1,0,0:0:0:0:
460,192,5999,1,0,0:0:0:0:
358,192,6166,1,0,0:0:0:0:
256,192,6333,1,0,0:0:0:0:
153,192,6500,1,0,0:0:0:0:
256,192,6666,1,0,0:0:0:0:
358,192,7000,1,0,0:0:0:0:
153,192,7333,1,0,0:0:0:0:
358,192,7666,128,0,8416:0:0:0:0:
153,192,8000,1,0,0:0:0:0:
51,192,8666,128,0,9250:0:0:0:0:
256,192,9333,128,0,10333:0:0:0:0:
153,192,10333,1,0,0:0:0:0:
358,192,10333,1,0,0:0:0:0:
460,192,10416,1,0,0:0:0:0:
51,192,10416,1,0,0:0:0:0:
358,192,10500,1,0,0:0:0:0:
153,192,10500,1,0,0:0:0:0:
460,192,10583,1,0,0:0:0:0:
51,192,10583,1,0,0:0:0:0:
153,192,10666,1,0,0:0:0:0:
51,192,10749,1,0,0:0:0:0:
153,192,10833,1,0,0:0:0:0:
51,192,10916,1,0,0:0:0:0:
153,192,10999,1,0,0:0:0:0:
51,192,11083,1,0,0:0:0:0:
153,192,11166,1,0,0:0:0:0:
51,192,11249,1,0,0:0:0:0:
153,192,11333,1,0,0:0:0:0:
358,192,11333,1,0,0:0:0:0:
256,192,11333,1,0,0:0:0:0:
358,192,11416,1,0,0:0:0:0:
460,192,11499,1,0,0:0:0:0:
358,192,11583,1,0,0:0:0:0:
460,192,11666,1,0,0:0:0:0:
358,192,11749,1,0,0:0:0:0:
460,192,11833,1,0,0:0:0:0:
358,192,11916,1,0,0:0:0:0:
460,192,11999,1,0,0:0:0:0:
358,192,12083,1,0,0:0:0:0:
460,192,12166,1,0,0:0:0:0:
358,192,12249,1,0,0:0:0:0:
460,192,12333,1,0,0:0:0:0:
358,192,12416,1,0,0:0:0:0:
460,192,12499,1,0,0:0:0:0:
358,192,12583,1,0,0:0:0:0:
153,192,12666,1,0,0:0:0:0:
358,192,12666,1,0,0:0:0:0:
256,192,12666,1,0,0:0:0:0:
51,192,12750,1,0,0:0:0:0:
153,192,12833,1,0,0:0:0:0:
51,192,12916,1,0,0:0:0:0:
153,192,12999,1,0,0:0:0:0:
51,192,13083,1,0,0:0:0:0:
153,192,13166,1,0,0:0:0:0:
51,192,13249,1,0,0:0:0:0:
153,192,13333,1,0,0:0:0:0:
51,192,13416,1,0,0:0:0:0:
153,192,13499,1,0,0:0:0:0:
51,192,13583,1,0,0:0:0:0:
153,192,13666,1,0,0:0:0:0:
51,192,13750,1,0,0:0:0:0:
153,192,13833,1,0,0:0:0:0:
51,192,13916,1,0,0:0:0:0:
153,192,14000,1,0,0:0:0:0:
256,192,14000,1,0,0:0:0:0:
358,192,14000,1,0,0:0:0:0:
460,192,14083,1,0,0:0:0:0:
358,192,14166,1,0,0:0:0:0:
460,192,14249,1,0,0:0:0:0:
358,192,14333,1,0,0:0:0:0:
460,192,14416,1,0,0:0:0:0:
358,192,14500,1,0,0:0:0:0:
460,192,14583,1,0,0:0:0:0:
358,192,14666,1,0,0:0:0:0:
460,192,14749,1,0,0:0:0:0:
358,192,14833,1,0,0:0:0:0:
460,192,14916,1,0,0:0:0:0:
256,192,14999,128,0,15333:0:0:0:0:
460,192,15333,128,0,15666:0:0:0:0:
358,192,15333,1,0,0:0:0:0:
256,192,15666,128,0,16249:0:0:0:0:
153,192,15666,1,0,0:0:0:0:
460,192,16666,1,0,0:0:0:0:
358,192,16666,1,0,0:0:0:0:
51,192,16833,1,0,0:0:0:0:
153,192,16833,1,0,0:0:0:0:
460,192,16999,1,0,0:0:0:0:
358,192,16999,1,0,0:0:0:0:
51,192,17083,1,0,0:0:0:0:
153,192,17083,1,0,0:0:0:0:
460,192,17166,1,0,0:0:0:0:
358,192,17166,1,0,0:0:0:0:
153,192,17250,1,0,0:0:0:0:
51,192,17250,1,0,0:0:0:0:
358,192,17333,1,0,0:0:0:0:
153,192,17416,1,0,0:0:0:0:
358,192,17500,1,0,0:0:0:0:
51,192,17583,1,0,0:0:0:0:
460,192,17666,1,0,0:0:0:0:
153,192,17750,1,0,0:0:0:0:
358,192,17833,1,0,0:0:0:0:
51,192,17916,1,0,0:0:0:0:
460,192,18000,1,0,0:0:0:0:
153,192,18083,1,0,0:0:0:0:
358,192,18166,1,0,0:0:0:0:
51,192,18250,1,0,0:0:0:0:
460,192,18333,1,0,0:0:0:0:
153,192,18416,1,0,0:0:0:0:
358,192,18500,1,0,0:0:0:0:
51,192,18583,1,0,0:0:0:0:
460,192,18666,1,0,0:0:0:0:
256,192,18722,1,0,0:0:0:0:
460,192,18777,1,0,0:0:0:0:
256,192,18833,1,0,0:0:0:0:
460,192,18888,1,0,0:0:0:0:
256,192,18944,1,0,0:0:0:0:
460,192,18999,1,0,0:0:0:0:
256,192,19055,1,0,0:0:0:0:
460,192,19111,1,0,0:0:0:0:
256,192,19166,1,0,0:0:0:0:
460,192,19222,1,0,0:0:0:0:
51,192,19277,1,0,0:0:0:0:
256,192,19333,1,0,0:0:0:0:
51,192,19388,1,0,0:0:0:0:
256,192,19444,1,0,0:0:0:0:
51,192,19499,1,0,0:0:0:0:
256,192,19555,1,0,0:0:0:0:
51,192,19611,1,0,0:0:0:0:
256,192,19666,1,0,0:0:0:0:
51,192,19722,1,0,0:0:0:0:
256,192,19777,1,0,0:0:0:0:
51,192,19833,1,0,0:0:0:0:
256,192,19888,1,0,0:0:0:0:
51,192,19944,1,0,0:0:0:0:
153,192,21333,1,0,0:0:0:0:
256,192,21333,1,0,0:0:0:0:
358,192,21333,1,0,0:0:0:0:
51,192,21666,1,0,0:0:0:0:
153,192,21833,1,0,0:0:0:0:
358,192,21833,128,0,22250:0:0:0:0:
153,192,22000,1,0,0:0:0:0:
256,192,22250,1,0,0:0:0:0:
153,192,22333,1,0,0:0:0:0:
51,192,22416,1,0,0:0:0:0:
256,192,22583,1,0,0:0:0:0:
153,192,22583,1,0,0:0:0:0:
358,192,22666,1,0,0:0:0:0:
460,192,22750,1,0,0:0:0:0:
358,192,22833,1,0,0:0:0:0:
460,192,22916,1,0,0:0:0:0:
256,192,23000,1,0,0:0:0:0:
153,192,23083,1,0,0:0:0:0:
51,192,23166,1,0,0:0:0:0:
153,192,23250,1,0,0:0:0:0:
51,192,23333,1,0,0:0:0:0:
153,192,23416,1,0,0:0:0:0:
51,192,23500,1,0,0:0:0:0:
153,192,23583,1,0,0:0:0:0:
51,192,23666,1,0,0:0:0:0:
153,192,23750,1,0,0:0:0:0:
256,192,23833,1,0,0:0:0:0:
256,192,24000,128,0,24250:0:0:0:0:
153,192,24333,1,0,0:0:0:0:
358,192,24416,1,0,0:0:0:0:
460,192,24500,1,0,0:0:0:0:
153,192,24500,1,0,0:0:0:0:
51,192,24583,1,0,0:0:0:0:
153,192,24750,1,0,0:0:0:0:
358,192,24833,1,0,0:0:0:0:
153,192,24916,1,0,0:0:0:0:
256,192,25083,1,0,0:0:0:0:
51,192,25250,1,0,0:0:0:0:
358,192,25416,1,0,0:0:0:0:
256,192,25500,1,0,0:0:0:0:
153,192,25583,1,0,0:0:0:0:
51,192,25750,1,0,0:0:0:0:
153,192,25833,1,0,0:0:0:0:
256,192,25999,128,0,26249:0:0:0:0:
358,192,26249,128,0,26499:0:0:0:0:
256,192,26499,128,0,26666:0:0:0:0:
153,192,26666,1,0,0:0:0:0:
51,192,26666,1,0,0:0:0:0:
256,192,27000,1,0,0:0:0:0:
358,192,27166,1,0,0:0:0:0:
153,192,27250,1,0,0:0:0:0:
256,192,27333,1,0,0:0:0:0:
358,192,27500,1,0,0:0:0:0:
256,192,27583,1,0,0:0:0:0:
153,192,27666,1,0,0:0:0:0:
358,192,27916,1,0,0:0:0:0:
460,192,28000,1,0,0:0:0:0:
358,192,28083,1,0,0:0:0:0:
256,192,28166,1,0,0:0:0:0:
153,192,28250,1,0,0:0:0:0:
51,192,28333,1,0,0:0:0:0:
51,192,28416,1,0,0:0:0:0:
153,192,28499,128,0,28833:0:0:0:0:
358,192,28666,1,0,0:0:0:0:
51,192,28833,128,0,28999:0:0:0:0:
256,192,29083,128,0,29333:0:0:0:0:
153,192,29333,1,0,0:0:0:0:
256,192,29666,1,0,0:0:0:0:
153,192,29833,1,0,0:0:0:0:
153,192,29916,1,0,0:0:0:0:
256,192,30000,1,0,0:0:0:0:
358,192,30000,1,0,0:0:0:0:
460,192,30166,1,0,0:0:0:0:
256,192,30250,1,0,0:0:0:0:
153,192,30333,1,0,0:0:0:0:
51,192,30416,1,0,0:0:0:0:
256,192,30583,1,0,0:0:0:0:
358,192,30666,1,0,0:0:0:0:
460,192,30750,1,0,0:0:0:0:
256,192,30833,1,0,0:0:0:0:
153,192,30916,1,0,0:0:0:0:
256,192,31000,1,0,0:0:0:0:
358,192,31083,1,0,0:0:0:0:
153,192,31333,1,0,0:0:0:0:
460,192,31333,128,0,31666:0:0:0:0:
256,192,31388,1,0,0:0:0:0:
153,192,31444,1,0,0:0:0:0:
256,192,31499,1,0,0:0:0:0:
153,192,31555,1,0,0:0:0:0:
256,192,31611,1,0,0:0:0:0:
153,192,31666,1,0,0:0:0:0:
358,192,31666,128,0,31944:0:0:0:0:
256,192,31722,1,0,0:0:0:0:
153,192,31777,1,0,0:0:0:0:
256,192,31833,1,0,0:0:0:0:
153,192,31888,1,0,0:0:0:0:
256,192,31944,1,0,0:0:0:0:
51,192,31999,128,0,32333:0:0:0:0:
153,192,32333,1,0,0:0:0:0:
256,192,32333,128,0,32666:0:0:0:0:
358,192,32666,1,0,0:0:0:0:
256,192,32916,1,0,0:0:0:0:
153,192,32999,1,0,0:0:0:0:
256,192,33083,1,0,0:0:0:0:
153,192,33166,1,0,0:0:0:0:
358,192,33333,1,0,0:0:0:0:
51,192,33666,1,0,0:0:0:0:
256,192,33916,1,0,0:0:0:0:
358,192,33999,1,0,0:0:0:0:
256,192,34083,1,0,0:0:0:0:
358,192,34166,1,0,0:0:0:0:
153,192,34333,1,0,0:0:0:0:
358,192,34666,1,0,0:0:0:0:
358,192,34999,1,0,0:0:0:0:
256,192,35083,1,0,0:0:0:0:
153,192,35166,1,0,0:0:0:0:
256,192,35249,1,0,0:0:0:0:
460,192,35333,1,0,0:0:0:0:
51,192,35499,1,0,0:0:0:0:
460,192,35666,1,0,0:0:0:0:
51,192,35833,1,0,0:0:0:0:
256,192,35999,1,0,0:0:0:0:
358,192,36083,1,0,0:0:0:0:
358,192,36333,1,0,0:0:0:0:
256,192,36416,1,0,0:0:0:0:
153,192,36666,128,0,36916:0:0:0:0:
358,192,36916,128,0,37166:0:0:0:0:
153,192,37166,128,0,37249:0:0:0:0:
153,192,37333,1,0,0:0:0:0:
256,192,37666,1,0,0:0:0:0:
153,192,37833,1,0,0:0:0:0:
256,192,37916,1,0,0:0:0:0:
358,192,37999,1,0,0:0:0:0:
51,192,38166,1,0,0:0:0:0:
153,192,38333,1,0,0:0:0:0:
358,192,38499,1,0,0:0:0:0:
153,192,38666,128,0,38833:0:0:0:0:
256,192,38999,1,0,0:0:0:0:
51,192,39166,128,0,39499:0:0:0:0:
153,192,39499,1,0,0:0:0:0:
460,192,39583,1,0,0:0:0:0:
153,192,39666,1,0,0:0:0:0:
460,192,39749,1,0,0:0:0:0:
153,192,39833,1,0,0:0:0:0:
153,192,39999,128,0,40333:0:0:0:0:
358,192,40333,1,0,0:0:0:0:
358,192,40499,1,0,0:0:0:0:
256,192,40749,1,0,0:0:0:0:
153,192,40833,1,0,0:0:0:0:
153,192,40999,1,0,0:0:0:0:
358,192,41166,1,0,0:0:0:0:
460,192,41333,1,0,0:0:0:0:
358,192,41388,1,0,0:0:0:0:
460,192,41444,1,0,0:0:0:0:
358,192,41499,1,0,0:0:0:0:
460,192,41555,1,0,0:0:0:0:
358,192,41611,1,0,0:0:0:0:
460,192,41666,1,0,0:0:0:0:
358,192,41722,1,0,0:0:0:0:
460,192,41777,1,0,0:0:0:0:
358,192,41833,1,0,0:0:0:0:
460,192,41888,1,0,0:0:0:0:
358,192,41944,1,0,0:0:0:0:
51,192,41999,128,0,42333:0:0:0:0:
460,192,41999,1,0,0:0:0:0:
153,192,42333,128,0,42666:0:0:0:0:
256,192,42666,1,0,0:0:0:0:
460,192,42666,1,0,0:0:0:0:
51,192,42999,1,0,0:0:0:0:
256,192,42999,1,0,0:0:0:0:
460,192,43333,1,0,0:0:0:0:
256,192,43333,1,0,0:0:0:0:
256,192,43583,1,0,0:0:0:0:
51,192,43583,1,0,0:0:0:0:
256,192,43833,1,0,0:0:0:0:
460,192,43833,1,0,0:0:0:0:
256,192,43999,1,0,0:0:0:0:
51,192,43999,1,0,0:0:0:0:
256,192,44249,1,0,0:0:0:0:
460,192,44249,1,0,0:0:0:0:
51,192,44499,1,0,0:0:0:0:
153,192,44499,1,0,0:0:0:0:
358,192,44666,1,0,0:0:0:0:
460,192,44666,1,0,0:0:0:0:
153,192,44999,128,0,45249:0:0:0:0:
358,192,44999,128,0,45249:0:0:0:0:
51,192,45333,1,0,0:0:0:0:
153,192,45333,1,0,0:0:0:0:
256,192,45499,1,0,0:0:0:0:
358,192,45499,1,0,0:0:0:0:
256,192,45583,1,0,0:0:0:0:
358,192,45583,1,0,0:0:0:0:
153,192,45749,1,0,0:0:0:0:
51,192,45749,1,0,0:0:0:0:
51,192,45833,1,0,0:0:0:0:
153,192,45833,1,0,0:0:0:0:
256,192,45999,1,0,0:0:0:0:
358,192,45999,1,0,0:0:0:0:
358,192,46166,1,0,0:0:0:0:
256,192,46166,1,0,0:0:0:0:
256,192,46249,1,0,0:0:0:0:
358,192,46249,1,0,0:0:0:0:
51,192,46416,1,0,0:0:0:0:
153,192,46416,1,0,0:0:0:0:
51,192,46499,1,0,0:0:0:0:
153,192,46499,1,0,0:0:0:0:
358,192,46666,1,0,0:0:0:0:
460,192,46666,1,0,0:0:0:0:
358,192,46833,1,0,0:0:0:0:
460,192,46833,1,0,0:0:0:0:
358,192,46916,1,0,0:0:0:0:
460,192,46916,1,0,0:0:0:0:
153,192,47083,1,0,0:0:0:0:
51,192,47083,1,0,0:0:0:0:
51,192,47166,1,0,0:0:0:0:
153,192,47166,1,0,0:0:0:0:
256,192,47333,1,0,0:0:0:0:
358,192,47333,1,0,0:0:0:0:
153,192,47666,128,0,47916:0:0:0:0:
256,192,47666,128,0,47916:0:0:0:0:
153,192,47999,1,0,0:0:0:0:
256,192,47999,1,0,0:0:0:0:
256,192,48333,1,0,0:0:0:0:
460,192,48333,1,0,0:0:0:0:
51,192,48666,1,0,0:0:0:0:
256,192,48666,1,0,0:0:0:0:
51,192,48916,1,0,0:0:0:0:
256,192,48916,1,0,0:0:0:0:
153,192,49166,1,0,0:0:0:0:
358,192,49166,1,0,0:0:0:0:
153,192,49333,1,0,0:0:0:0:
460,192,49333,1,0,0:0:0:0:
51,192,49583,1,0,0:0:0:0:
358,192,49583,1,0,0:0:0:0:
153,192,49833,1,0,0:0:0:0:
358,192,49833,1,0,0:0:0:0:
51,192,49999,1,0,0:0:0:0:
358,192,49999,1,0,0:0:0:0:
153,192,50249,128,0,50583:0:0:0:0:
460,192,50249,128,0,50583:0:0:0:0:
153,192,50666,1,0,0:0:0:0:
51,192,50749,1,0,0:0:0:0:
358,192,50749,1,0,0:0:0:0:
460,192,50749,1,0,0:0:0:0:
153,192,50833,1,0,0:0:0:0:
51,192,50916,1,0,0:0:0:0:
153,192,50999,1,0,0:0:0:0:
51,192,51083,1,0,0:0:0:0:
153,192,51166,1,0,0:0:0:0:
51,192,51249,1,0,0:0:0:0:
153,192,51333,1,0,0:0:0:0:
358,192,51333,1,0,0:0:0:0:
460,192,51333,1,0,0:0:0:0:
51,192,51416,1,0,0:0:0:0:
153,192,51499,1,0,0:0:0:0:
51,192,51583,1,0,0:0:0:0:
153,192,51666,1,0,0:0:0:0:
51,192,51749,1,0,0:0:0:0:
153,192,51833,1,0,0:0:0:0:
51,192,51916,1,0,0:0:0:0:
153,192,51999,1,0,0:0:0:0:
358,192,51999,1,0,0:0:0:0:
460,192,51999,1,0,0:0:0:0:
51,192,52083,1,0,0:0:0:0:
153,192,52166,1,0,0:0:0:0:
51,192,52249,1,0,0:0:0:0:
153,192,52333,1,0,0:0:0:0:
51,192,52416,1,0,0:0:0:0:
153,192,52499,1,0,0:0:0:0:
51,192,52583,1,0,0:0:0:0:
358,192,52599,1,0,0:0:0:0:
460,192,52599,1,0,0:0:0:0:
358,192,52666,1,0,0:0:0:0:
256,192,52722,1,0,0:0:0:0:
153,192,52777,1,0,0:0:0:0:
51,192,52833,1,0,0:0:0:0:
153,192,52888,1,0,0:0:0:0:
256,192,52944,1,0,0:0:0:0:
358,192,52999,1,0,0:0:0:0:
460,192,53055,1,0,0:0:0:0:
358,192,53111,1,0,0:0:0:0:
256,192,53166,1,0,0:0:0:0:
153,192,53222,1,0,0:0:0:0:
51,192,53277,1,0,0:0:0:0:
256,192,53333,128,0,54666:0:0:0:0:
51,192,54666,128,0,55999:0:0:0:0:
358,192,55999,128,0,57333:0:0:0:0:
153,192,57333,128,0,58666:0:0:0:0:
358,192,58666,128,0,59999:0:0:0:0:
153,192,59999,128,0,61333:0:0:0:0:
460,192,61333,128,0,62666:0:0:0:0:
51,192,62666,128,0,63999:0:0:0:0:
358,192,63999,128,0,65333:0:0:0:0:
153,192,64333,1,0,0:0:0:0:
51,192,64666,1,0,0:0:0:0:
256,192,64999,1,0,0:0:0:0:
51,192,65333,1,0,0:0:0:0:
256,192,65666,1,0,0:0:0:0:
153,192,65833,1,0,0:0:0:0:
153,192,65999,1,0,0:0:0:0:
256,192,66333,1,0,0:0:0:0:
358,192,66666,1,0,0:0:0:0:
153,192,66999,1,0,0:0:0:0:
256,192,67166,1,0,0:0:0:0:
358,192,67333,1,0,0:0:0:0:
153,192,67666,1,0,0:0:0:0:
358,192,67999,1,0,0:0:0:0:
153,192,68333,1,0,0:0:0:0:
256,192,68583,1,0,0:0:0:0:
358,192,68666,1,0,0:0:0:0:
460,192,68749,1,0,0:0:0:0:
153,192,68999,1,0,0:0:0:0:
256,192,69333,128,0,69666:0:0:0:0:
358,192,69666,1,0,0:0:0:0:
51,192,69999,1,0,0:0:0:0:
358,192,70333,1,0,0:0:0:0:
153,192,70666,128,0,70999:0:0:0:0:
358,192,70999,1,0,0:0:0:0:
153,192,71333,1,0,0:0:0:0:
358,192,71666,1,0,0:0:0:0:
51,192,71999,128,0,72416:0:0:0:0:
256,192,72333,1,0,0:0:0:0:
256,192,72499,1,0,0:0:0:0:
358,192,72666,1,0,0:0:0:0:
153,192,72999,1,0,0:0:0:0:
256,192,73333,1,0,0:0:0:0:
358,192,73666,1,0,0:0:0:0:
153,192,73999,1,0,0:0:0:0:
358,192,74333,1,0,0:0:0:0:
51,192,74666,128,0,74999:0:0:0:0:
153,192,75166,1,0,0:0:0:0:
256,192,75333,128,0,75999:0:0:0:0:
460,192,75999,1,0,0:0:0:0:
256,192,76249,1,0,0:0:0:0:
51,192,76333,1,0,0:0:0:0:
153,192,76416,128,0,76666:0:0:0:0:
358,192,76666,1,0,0:0:0:0:
153,192,76999,1,0,0:0:0:0:
358,192,77333,1,0,0:0:0:0:
358,192,77583,1,0,0:0:0:0:
51,192,77666,1,0,0:0:0:0:
153,192,77749,1,0,0:0:0:0:
256,192,77999,128,0,78333:0:0:0:0:
460,192,78333,1,0,0:0:0:0:
51,192,78666,1,0,0:0:0:0:
358,192,78999,1,0,0:0:0:0:
460,192,79083,1,0,0:0:0:0:
51,192,79333,1,0,0:0:0:0:
358,192,79666,1,0,0:0:0:0:
256,192,79749,1,0,0:0:0:0:
358,192,79833,1,0,0:0:0:0:
256,192,79916,1,0,0:0:0:0:
153,192,79999,128,0,80333:0:0:0:0:
358,192,80333,1,0,0:0:0:0:
153,192,80666,1,0,0:0:0:0:
256,192,80999,1,0,0:0:0:0:
358,192,81333,1,0,0:0:0:0:
153,192,81666,1,0,0:0:0:0:
153,192,81999,1,0,0:0:0:0:
358,192,81999,1,0,0:0:0:0:
256,192,82333,1,0,0:0:0:0:
153,192,82666,1,0,0:0:0:0:
358,192,82749,1,0,0:0:0:0:
153,192,82833,1,0,0:0:0:0:
358,192,82916,1,0,0:0:0:0:
51,192,82999,1,0,0:0:0:0:
460,192,83083,1,0,0:0:0:0:
51,192,83166,1,0,0:0:0:0:
460,192,83249,1,0,0:0:0:0:
51,192,83333,1,0,0:0:0:0:
460,192,83416,1,0,0:0:0:0:
51,192,83499,1,0,0:0:0:0:
460,192,83583,1,0,0:0:0:0:
153,192,83666,1,0,0:0:0:0:
256,192,83749,1,0,0:0:0:0:
358,192,83833,1,0,0:0:0:0:
256,192,83916,1,0,0:0:0:0:
51,192,84333,128,0,84666:0:0:0:0:
358,192,84666,128,0,85333:0:0:0:0:
153,192,84666,1,0,0:0:0:0:
256,192,84999,1,0,0:0:0:0:
51,192,85333,1,0,0:0:0:0:
51,192,85666,128,0,86666:0:0:0:0:
153,192,85666,1,0,0:0:0:0:
256,192,85777,1,0,0:0:0:0:
153,192,85888,1,0,0:0:0:0:
256,192,85999,1,0,0:0:0:0:
153,192,86111,1,0,0:0:0:0:
256,192,86222,1,0,0:0:0:0:
153,192,86333,128,0,86666:0:0:0:0:
358,192,86666,128,0,87999:0:0:0:0:
256,192,86666,1,0,0:0:0:0:
153,192,86777,1,0,0:0:0:0:
256,192,86888,1,0,0:0:0:0:
153,192,86999,1,0,0:0:0:0:
256,192,87111,1,0,0:0:0:0:
153,192,87222,1,0,0:0:0:0:
256,192,87333,1,0,0:0:0:0:
153,192,87444,1,0,0:0:0:0:
256,192,87555,1,0,0:0:0:0:
153,192,87666,128,0,87999:0:0:0:0:
256,192,87999,1,0,0:0:0:0:
153,192,88111,1,0,0:0:0:0:
358,192,88222,1,0,0:0:0:0:
51,192,88333,1,0,0:0:0:0:
358,192,88444,1,0,0:0:0:0:
153,192,88555,1,0,0:0:0:0:
460,192,88666,1,0,0:0:0:0:
153,192,88777,1,0,0:0:0:0:
358,192,88888,1,0,0:0:0:0:
51,192,88999,1,0,0:0:0:0:
358,192,89111,1,0,0:0:0:0:
153,192,89222,1,0,0:0:0:0:
460,192,89333,1,0,0:0:0:0:
153,192,89444,1,0,0:0:0:0:
358,192,89555,1,0,0:0:0:0:
51,192,89666,1,0,0:0:0:0:
358,192,89777,1,0,0:0:0:0:
153,192,89888,1,0,0:0:0:0:
358,192,89999,128,0,90333:0:0:0:0:
153,192,90333,128,0,90666:0:0:0:0:
460,192,90666,128,0,91055:0:0:0:0:
358,192,91111,1,0,0:0:0:0:
153,192,91222,1,0,0:0:0:0:
51,192,91333,128,0,91777:0:0:0:0:
153,192,91833,1,0,0:0:0:0:
256,192,91916,1,0,0:0:0:0:
256,192,91999,128,0,92499:0:0:0:0:
358,192,92555,1,0,0:0:0:0:
460,192,92666,1,0,0:0:0:0:
460,192,92749,128,0,93333:0:0:0:0:
153,192,93333,1,0,0:0:0:0:
153,192,93444,1,0,0:0:0:0:
256,192,93499,1,0,0:0:0:0:
358,192,93611,1,0,0:0:0:0:
358,192,93722,1,0,0:0:0:0:
256,192,93777,1,0,0:0:0:0:
51,192,93833,1,0,0:0:0:0:
51,192,93944,1,0,0:0:0:0:
153,192,93999,1,0,0:0:0:0:
256,192,94111,1,0,0:0:0:0:
256,192,94222,1,0,0:0:0:0:
358,192,94277,1,0,0:0:0:0:
153,192,94388,1,0,0:0:0:0:
153,192,94499,1,0,0:0:0:0:
256,192,94555,1,0,0:0:0:0:
358,192,94666,1,0,0:0:0:0:
358,192,94777,1,0,0:0:0:0:
153,192,94833,1,0,0:0:0:0:
51,192,94916,1,0,0:0:0:0:
358,192,94999,1,0,0:0:0:0:
460,192,95083,1,0,0:0:0:0:
153,192,95166,1,0,0:0:0:0:
153,192,95333,1,0,0:0:0:0:
358,192,95388,1,0,0:0:0:0:
256,192,95583,1,0,0:0:0:0:
153,192,95666,1,0,0:0:0:0:
256,192,95749,128,0,95999:0:0:0:0:
358,192,96083,128,0,96249:0:0:0:0:
51,192,96333,1,0,0:0:0:0:
153,192,96416,1,0,0:0:0:0:
51,192,96499,1,0,0:0:0:0:
153,192,96583,1,0,0:0:0:0:
51,192,96666,1,0,0:0:0:0:
153,192,96999,128,0,97333:0:0:0:0:
358,192,96999,1,0,0:0:0:0:
460,192,97083,1,0,0:0:0:0:
358,192,97166,1,0,0:0:0:0:
460,192,97249,1,0,0:0:0:0:
358,192,97333,1,0,0:0:0:0:
51,192,97499,1,0,0:0:0:0:
358,192,97666,1,0,0:0:0:0:
153,192,97833,1,0,0:0:0:0:
153,192,97999,1,0,0:0:0:0:
358,192,98333,1,0,0:0:0:0:
51,192,98333,128,0,98666:0:0:0:0:
256,192,98416,1,0,0:0:0:0:
358,192,98499,1,0,0:0:0:0:
256,192,98583,1,0,0:0:0:0:
358,192,98666,1,0,0:0:0:0:
153,192,98833,1,0,0:0:0:0:
358,192,98916,1,0,0:0:0:0:
153,192,98999,1,0,0:0:0:0:
358,192,99166,1,0,0:0:0:0:
358,192,99333,1,0,0:0:0:0:
358,192,99499,1,0,0:0:0:0:
153,192,99666,1,0,0:0:0:0:
256,192,99749,1,0,0:0:0:0:
358,192,99833,1,0,0:0:0:0:
256,192,99916,1,0,0:0:0:0:
153,192,99999,1,0,0:0:0:0:
256,192,100166,1,0,0:0:0:0:
256,192,100333,1,0,0:0:0:0:
358,192,100499,1,0,0:0:0:0:
153,192,100666,1,0,0:0:0:0:
153,192,100999,128,0,101416:0:0:0:0:
358,192,101416,128,0,101666:0:0:0:0:
153,192,101666,1,0,0:0:0:0:
358,192,101833,1,0,0:0:0:0:
153,192,101999,1,0,0:0:0:0:
358,192,102333,1,0,0:0:0:0:
256,192,102416,1,0,0:0:0:0:
358,192,102499,1,0,0:0:0:0:
153,192,102583,1,0,0:0:0:0:
256,192,102666,1,0,0:0:0:0:
153,192,102833,1,0,0:0:0:0:
153,192,102999,1,0,0:0:0:0:
256,192,103166,1,0,0:0:0:0:
358,192,103333,1,0,0:0:0:0:
153,192,103666,1,0,0:0:0:0:
51,192,103749,1,0,0:0:0:0:
153,192,103833,1,0,0:0:0:0:
256,192,103916,1,0,0:0:0:0:
358,192,103999,1,0,0:0:0:0:
256,192,104166,1,0,0:0:0:0:
153,192,104249,1,0,0:0:0:0:
51,192,104333,1,0,0:0:0:0:
153,192,104499,1,0,0:0:0:0:
256,192,104666,1,0,0:0:0:0:
358,192,104833,1,0,0:0:0:0:
153,192,104999,1,0,0:0:0:0:
256,192,105083,1,0,0:0:0:0:
358,192,105166,1,0,0:0:0:0:
256,192,105249,1,0,0:0:0:0:
153,192,105333,1,0,0:0:0:0:
358,192,105499,1,0,0:0:0:0:
460,192,105583,1,0,0:0:0:0:
358,192,105666,1,0,0:0:0:0:
460,192,105749,1,0,0:0:0:0:
358,192,105833,1,0,0:0:0:0:
153,192,105916,1,0,0:0:0:0:
51,192,105999,1,0,0:0:0:0:
153,192,106083,1,0,0:0:0:0:
51,192,106166,1,0,0:0:0:0:
153,192,106249,1,0,0:0:0:0:
51,192,106333,1,0,0:0:0:0:
256,192,106416,1,0,0:0:0:0:
358,192,106499,1,0,0:0:0:0:
256,192,106583,1,0,0:0:0:0:
153,192,109333,128,0,110666:0:0:0:0:
358,192,110666,128,0,111999:0:0:0:0:
51,192,111999,128,0,113333:0:0:0:0:
460,192,113333,128,0,114666:0:0:0:0:
153,192,114666,128,0,115999:0:0:0:0:
256,192,115999,128,0,117333:0:0:0:0:
358,192,117333,128,0,118666:0:0:0:0:
153,192,118666,128,0,119999:0:0:0:0:
460,192,119999,1,0,0:0:0:0:
51,192,119999,1,0,0:0:0:0:
358,192,119999,128,0,121333:0:0:0:0:
153,192,121333,1,0,0:0:0:0:
460,192,121333,1,0,0:0:0:0:
51,192,121333,128,0,122666:0:0:0:0:
153,192,122666,1,0,0:0:0:0:
358,192,122666,1,0,0:0:0:0:
460,192,122666,128,0,123999:0:0:0:0:
51,192,123999,1,0,0:0:0:0:
358,192,123999,1,0,0:0:0:0:
153,192,123999,128,0,125333:0:0:0:0:
51,192,125333,1,0,0:0:0:0:
460,192,125333,1,0,0:0:0:0:
358,192,125333,128,0,126666:0:0:0:0:
51,192,125999,1,0,0:0:0:0:
153,192,126166,1,0,0:0:0:0:
51,192,126333,1,0,0:0:0:0:
153,192,126499,1,0,0:0:0:0:
51,192,126666,1,0,0:0:0:0:
256,192,126999,128,0,127666:0:0:0:0:
358,192,127666,1,0,0:0:0:0:
153,192,127999,1,0,0:0:0:0:
358,192,128666,1,0,0:0:0:0:
153,192,128833,1,0,0:0:0:0:
358,192,128999,1,0,0:0:0:0:
51,192,129166,1,0,0:0:0:0:
256,192,129333,1,0,0:0:0:0:
358,192,129666,1,0,0:0:0:0:
153,192,129999,1,0,0:0:0:0:
358,192,130333,1,0,0:0:0:0:
153,192,130666,128,0,131333:0:0:0:0:
358,192,131333,1,0,0:0:0:0:
51,192,131666,1,0,0:0:0:0:
358,192,131999,128,0,132666:0:0:0:0:
153,192,132666,1,0,0:0:0:0:
256,192,132999,1,0,0:0:0:0:
358,192,133333,1,0,0:0:0:0:
51,192,133666,1,0,0:0:0:0:
153,192,133999,1,0,0:0:0:0:
256,192,134333,1,0,0:0:0:0:
51,192,134666,1,0,0:0:0:0:
358,192,134999,1,0,0:0:0:0:
153,192,135333,1,0,0:0:0:0:
358,192,135666,1,0,0:0:0:0:
256,192,135999,1,0,0:0:0:0:
51,192,136333,1,0,0:0:0:0:
358,192,136416,1,0,0:0:0:0:
153,192,136499,1,0,0:0:0:0:
460,192,136583,1,0,0:0:0:0:
51,192,136666,1,0,0:0:0:0:
358,192,136749,1,0,0:0:0:0:
153,192,136833,1,0,0:0:0:0:
460,192,136916,1,0,0:0:0:0:
51,192,136999,1,0,0:0:0:0:
358,192,137083,1,0,0:0:0:0:
153,192,137166,1,0,0:0:0:0:
460,192,137249,1,0,0:0:0:0:
51,192,137333,1,0,0:0:0:0:
358,192,137416,1,0,0:0:0:0:
153,192,137499,1,0,0:0:0:0:
460,192,137583,1,0,0:0:0:0:
51,192,137666,1,0,0:0:0:0:
358,192,137749,1,0,0:0:0:0:
153,192,137833,1,0,0:0:0:0:
460,192,137916,1,0,0:0:0:0:
51,192,137999,1,0,0:0:0:0:
358,192,138083,1,0,0:0:0:0:
153,192,138166,1,0,0:0:0:0:
460,192,138249,1,0,0:0:0:0:
51,192,138333,1,0,0:0:0:0:
358,192,138416,1,0,0:0:0:0:
153,192,138499,1,0,0:0:0:0:
256,192,138666,1,0,0:0:0:0:
51,192,138666,1,0,0:0:0:0:
460,192,138666,1,0,0:0:0:0:
153,192,138749,1,0,0:0:0:0:
358,192,138749,1,0,0:0:0:0:
256,192,138833,1,0,0:0:0:0:
51,192,138833,1,0,0:0:0:0:
460,192,138833,1,0,0:0:0:0:
153,192,138916,1,0,0:0:0:0:
358,192,138916,1,0,0:0:0:0:
256,192,138999,1,0,0:0:0:0:
460,192,138999,1,0,0:0:0:0:
51,192,138999,1,0,0:0:0:0:
153,192,139083,1,0,0:0:0:0:
358,192,139083,1,0,0:0:0:0:
256,192,139166,1,0,0:0:0:0:
51,192,139166,1,0,0:0:0:0:
460,192,139166,1,0,0:0:0:0:
153,192,139249,1,0,0:0:0:0:
358,192,139249,1,0,0:0:0:0:
256,192,139333,1,0,0:0:0:0:
460,192,139333,1,0,0:0:0:0:
51,192,139333,1,0,0:0:0:0:
153,192,139416,1,0,0:0:0:0:
358,192,139416,1,0,0:0:0:0:
460,192,139499,1,0,0:0:0:0:
256,192,139499,1,0,0:0:0:0:
51,192,139499,1,0,0:0:0:0:
153,192,139583,1,0,0:0:0:0:
358,192,139583,1,0,0:0:0:0:
51,192,139666,1,0,0:0:0:0:
256,192,139666,1,0,0:0:0:0:
460,192,139666,1,0,0:0:0:0:
153,192,139749,1,0,0:0:0:0:
358,192,139749,1,0,0:0:0:0:
51,192,139833,1,0,0:0:0:0:
256,192,139833,1,0,0:0:0:0:
460,192,139833,1,0,0:0:0:0:
153,192,139916,1,0,0:0:0:0:
358,192,139916,1,0,0:0:0:0:
256,192,140249,128,0,140583:0:0:0:0:
256,192,140666,128,0,140999:0:0:0:0:
358,192,140666,1,0,0:0:0:0:
358,192,140999,1,0,0:0:0:0:
51,192,141333,1,0,0:0:0:0:
460,192,141333,1,0,0:0:0:0:
51,192,141666,1,0,0:0:0:0:
358,192,141833,128,0,142249:0:0:0:0:
51,192,141916,1,0,0:0:0:0:
153,192,141999,1,0,0:0:0:0:
256,192,142249,1,0,0:0:0:0:
153,192,142333,1,0,0:0:0:0:
51,192,142416,1,0,0:0:0:0:
256,192,142583,1,0,0:0:0:0:
358,192,142666,1,0,0:0:0:0:
460,192,142749,1,0,0:0:0:0:
358,192,142833,1,0,0:0:0:0:
460,192,142916,1,0,0:0:0:0:
256,192,142999,1,0,0:0:0:0:
153,192,143083,1,0,0:0:0:0:
51,192,143166,1,0,0:0:0:0:
153,192,143249,1,0,0:0:0:0:
51,192,143333,1,0,0:0:0:0:
153,192,143416,1,0,0:0:0:0:
51,192,143499,1,0,0:0:0:0:
153,192,143583,1,0,0:0:0:0:
51,192,143666,1,0,0:0:0:0:
153,192,143749,1,0,0:0:0:0:
153,192,143916,1,0,0:0:0:0:
256,192,143999,128,0,144249:0:0:0:0:
358,192,144083,1,0,0:0:0:0:
153,192,144333,1,0,0:0:0:0:
358,192,144416,1,0,0:0:0:0:
153,192,144499,1,0,0:0:0:0:
460,192,144499,1,0,0:0:0:0:
51,192,144583,1,0,0:0:0:0:
153,192,144749,1,0,0:0:0:0:
358,192,144833,1,0,0:0:0:0:
153,192,144916,1,0,0:0:0:0:
256,192,145083,1,0,0:0:0:0:
51,192,145249,1,0,0:0:0:0:
153,192,145249,1,0,0:0:0:0:
358,192,145416,1,0,0:0:0:0:
460,192,145416,1,0,0:0:0:0:
256,192,145499,1,0,0:0:0:0:
153,192,145583,1,0,0:0:0:0:
51,192,145749,1,0,0:0:0:0:
153,192,145833,1,0,0:0:0:0:
256,192,145916,1,0,0:0:0:0:
256,192,145999,128,0,146166:0:0:0:0:
358,192,146249,128,0,146416:0:0:0:0:
460,192,146499,128,0,146666:0:0:0:0:
153,192,146666,1,0,0:0:0:0:
51,192,146666,1,0,0:0:0:0:
256,192,146999,1,0,0:0:0:0:
358,192,147166,1,0,0:0:0:0:
153,192,147249,1,0,0:0:0:0:
256,192,147333,1,0,0:0:0:0:
358,192,147499,1,0,0:0:0:0:
256,192,147583,1,0,0:0:0:0:
153,192,147666,1,0,0:0:0:0:
358,192,147916,1,0,0:0:0:0:
460,192,147999,1,0,0:0:0:0:
358,192,148083,1,0,0:0:0:0:
256,192,148166,1,0,0:0:0:0:
153,192,148249,1,0,0:0:0:0:
51,192,148333,1,0,0:0:0:0:
51,192,148416,128,0,149333:0:0:0:0:
256,192,148499,1,0,0:0:0:0:
358,192,148583,1,0,0:0:0:0:
358,192,148833,1,0,0:0:0:0:
256,192,149083,1,0,0:0:0:0:
153,192,149333,1,0,0:0:0:0:
256,192,149416,1,0,0:0:0:0:
153,192,149499,1,0,0:0:0:0:
358,192,149666,1,0,0:0:0:0:
153,192,149833,1,0,0:0:0:0:
358,192,149999,1,0,0:0:0:0:
256,192,149999,1,0,0:0:0:0:
460,192,150166,1,0,0:0:0:0:
256,192,150249,1,0,0:0:0:0:
153,192,150333,1,0,0:0:0:0:
51,192,150416,1,0,0:0:0:0:
256,192,150583,1,0,0:0:0:0:
358,192,150666,1,0,0:0:0:0:
460,192,150749,1,0,0:0:0:0:
256,192,150833,1,0,0:0:0:0:
51,192,150916,1,0,0:0:0:0:
256,192,150999,1,0,0:0:0:0:
358,192,151083,1,0,0:0:0:0:
153,192,151333,1,0,0:0:0:0:
460,192,151333,128,0,151999:0:0:0:0:
256,192,151388,1,0,0:0:0:0:
153,192,151444,1,0,0:0:0:0:
256,192,151499,1,0,0:0:0:0:
153,192,151555,1,0,0:0:0:0:
256,192,151611,1,0,0:0:0:0:
153,192,151666,1,0,0:0:0:0:
256,192,151722,1,0,0:0:0:0:
153,192,151777,1,0,0:0:0:0:
256,192,151833,1,0,0:0:0:0:
153,192,151888,1,0,0:0:0:0:
256,192,151944,1,0,0:0:0:0:
153,192,151999,1,0,0:0:0:0:
153,192,152333,1,0,0:0:0:0:
358,192,152666,1,0,0:0:0:0:
256,192,152916,1,0,0:0:0:0:
153,192,152999,1,0,0:0:0:0:
256,192,153083,1,0,0:0:0:0:
153,192,153166,1,0,0:0:0:0:
358,192,153333,1,0,0:0:0:0:
51,192,153583,1,0,0:0:0:0:
153,192,153916,1,0,0:0:0:0:
358,192,153999,1,0,0:0:0:0:
153,192,154083,1,0,0:0:0:0:
358,192,154166,1,0,0:0:0:0:
153,192,154333,1,0,0:0:0:0:
358,192,154666,1,0,0:0:0:0:
358,192,154999,1,0,0:0:0:0:
256,192,155083,1,0,0:0:0:0:
153,192,155166,1,0,0:0:0:0:
256,192,155249,1,0,0:0:0:0:
460,192,155333,1,0,0:0:0:0:
51,192,155499,1,0,0:0:0:0:
460,192,155666,1,0,0:0:0:0:
51,192,155833,1,0,0:0:0:0:
256,192,155999,1,0,0:0:0:0:
358,192,156083,1,0,0:0:0:0:
358,192,156249,1,0,0:0:0:0:
256,192,156416,1,0,0:0:0:0:
153,192,156499,1,0,0:0:0:0:
51,192,156666,128,0,157333:0:0:0:0:
256,192,156833,1,0,0:0:0:0:
256,192,157166,1,0,0:0:0:0:
256,192,157333,128,0,157583:0:0:0:0:
256,192,157666,1,0,0:0:0:0:
153,192,157833,1,0,0:0:0:0:
256,192,157916,1,0,0:0:0:0:
358,192,157999,1,0,0:0:0:0:
51,192,158166,1,0,0:0:0:0:
153,192,158333,1,0,0:0:0:0:
358,192,158499,1,0,0:0:0:0:
153,192,158666,1,0,0:0:0:0:
358,192,158833,1,0,0:0:0:0:
256,192,158999,1,0,0:0:0:0:
153,192,159166,1,0,0:0:0:0:
256,192,159499,1,0,0:0:0:0:
153,192,159749,1,0,0:0:0:0:
358,192,159833,1,0,0:0:0:0:
153,192,159999,1,0,0:0:0:0:
358,192,160333,1,0,0:0:0:0:
358,192,160499,1,0,0:0:0:0:
256,192,160749,1,0,0:0:0:0:
153,192,160833,1,0,0:0:0:0:
153,192,160999,1,0,0:0:0:0:
358,192,161166,1,0,0:0:0:0:
460,192,161333,1,0,0:0:0:0:
153,192,161388,1,0,0:0:0:0:
358,192,161444,1,0,0:0:0:0:
153,192,161499,1,0,0:0:0:0:
358,192,161555,1,0,0:0:0:0:
153,192,161611,1,0,0:0:0:0:
460,192,161666,1,0,0:0:0:0:
256,192,161722,1,0,0:0:0:0:
460,192,161777,1,0,0:0:0:0:
256,192,161833,1,0,0:0:0:0:
460,192,161888,1,0,0:0:0:0:
153,192,161944,1,0,0:0:0:0:
358,192,161999,1,0,0:0:0:0:
51,192,161999,128,0,162249:0:0:0:0:
153,192,162333,128,0,162666:0:0:0:0:
256,192,162666,1,0,0:0:0:0:
358,192,162666,1,0,0:0:0:0:
153,192,162999,1,0,0:0:0:0:
358,192,162999,1,0,0:0:0:0:
358,192,163333,1,0,0:0:0:0:
256,192,163499,1,0,0:0:0:0:
51,192,163666,1,0,0:0:0:0:
256,192,163833,1,0,0:0:0:0:
460,192,163999,1,0,0:0:0:0:
153,192,164166,1,0,0:0:0:0:
358,192,164333,1,0,0:0:0:0:
153,192,164499,1,0,0:0:0:0:
51,192,164583,128,0,165333:0:0:0:0:
358,192,164916,1,0,0:0:0:0:
256,192,165166,1,0,0:0:0:0:
358,192,165333,1,0,0:0:0:0:
153,192,165666,1,0,0:0:0:0:
358,192,165999,1,0,0:0:0:0:
153,192,166166,1,0,0:0:0:0:
51,192,166333,1,0,0:0:0:0:
358,192,166499,1,0,0:0:0:0:
153,192,166666,1,0,0:0:0:0:
256,192,166999,1,0,0:0:0:0:
358,192,167333,1,0,0:0:0:0:
256,192,167416,1,0,0:0:0:0:
153,192,167499,1,0,0:0:0:0:
51,192,167666,1,0,0:0:0:0:
256,192,167749,1,0,0:0:0:0:
358,192,167999,128,0,168666:0:0:0:0:
153,192,168333,1,0,0:0:0:0:
153,192,168666,1,0,0:0:0:0:
256,192,168833,1,0,0:0:0:0:
256,192,168916,1,0,0:0:0:0:
358,192,168999,1,0,0:0:0:0:
460,192,169166,1,0,0:0:0:0:
153,192,169333,1,0,0:0:0:0:
51,192,169583,1,0,0:0:0:0:
256,192,169666,128,0,169833:0:0:0:0:
358,192,169916,1,0,0:0:0:0:
51,192,170166,1,0,0:0:0:0:
153,192,170333,1,0,0:0:0:0:
256,192,170499,1,0,0:0:0:0:
358,192,170666,1,0,0:0:0:0:
358,192,170833,1,0,0:0:0:0:
51,192,170999,1,0,0:0:0:0:
460,192,171249,1,0,0:0:0:0:
153,192,171333,128,0,171749:0:0:0:0:
256,192,171499,1,0,0:0:0:0:
358,192,171666,1,0,0:0:0:0:
256,192,171749,1,0,0:0:0:0:
460,192,171833,1,0,0:0:0:0:
153,192,171999,1,0,0:0:0:0:
51,192,172249,1,0,0:0:0:0:
153,192,172333,1,0,0:0:0:0:
358,192,172499,1,0,0:0:0:0:
153,192,172583,1,0,0:0:0:0:
358,192,172666,1,0,0:0:0:0:
153,192,172749,1,0,0:0:0:0:
358,192,172833,1,0,0:0:0:0:
153,192,172916,1,0,0:0:0:0:
358,192,172999,1,0,0:0:0:0:
153,192,173083,1,0,0:0:0:0:
358,192,173166,1,0,0:0:0:0:
153,192,173249,1,0,0:0:0:0:
153,192,173333,1,0,0:0:0:0:
51,192,173333,1,0,0:0:0:0:
358,192,173333,1,0,0:0:0:0:
460,192,173333,1,0,0:0:0:0:
51,192,173499,1,0,0:0:0:0:
153,192,173499,1,0,0:0:0:0:
358,192,173499,1,0,0:0:0:0:
460,192,173499,1,0,0:0:0:0:
153,192,173666,1,0,0:0:0:0:
51,192,173916,1,0,0:0:0:0:
358,192,174083,1,0,0:0:0:0:
153,192,174333,1,0,0:0:0:0:
358,192,174416,1,0,0:0:0:0:
51,192,174499,1,0,0:0:0:0:
358,192,174666,1,0,0:0:0:0:
460,192,174833,1,0,0:0:0:0:
153,192,174999,1,0,0:0:0:0:
358,192,175333,1,0,0:0:0:0:
153,192,175666,1,0,0:0:0:0:
256,192,175749,1,0,0:0:0:0:
358,192,175833,1,0,0:0:0:0:
358,192,175999,1,0,0:0:0:0:
153,192,176333,1,0,0:0:0:0:
358,192,176666,1,0,0:0:0:0:
256,192,176833,1,0,0:0:0:0:
153,192,176999,1,0,0:0:0:0:
256,192,177166,1,0,0:0:0:0:
358,192,177333,1,0,0:0:0:0:
256,192,177666,1,0,0:0:0:0:
153,192,177999,1,0,0:0:0:0:
256,192,178333,1,0,0:0:0:0:
358,192,178416,1,0,0:0:0:0:
460,192,178499,1,0,0:0:0:0:
153,192,178666,1,0,0:0:0:0:
256,192,178999,1,0,0:0:0:0:
358,192,179333,1,0,0:0:0:0:
153,192,179499,1,0,0:0:0:0:
51,192,179666,1,0,0:0:0:0:
256,192,179833,1,0,0:0:0:0:
358,192,179916,1,0,0:0:0:0:
460,192,180333,1,0,0:0:0:0:
256,192,180666,1,0,0:0:0:0:
358,192,180999,1,0,0:0:0:0:
460,192,181083,1,0,0:0:0:0:
358,192,181166,1,0,0:0:0:0:
153,192,181333,1,0,0:0:0:0:
358,192,181666,1,0,0:0:0:0:
153,192,181999,1,0,0:0:0:0:
256,192,182083,1,0,0:0:0:0:
358,192,182166,1,0,0:0:0:0:
358,192,182333,1,0,0:0:0:0:
153,192,182499,1,0,0:0:0:0:
460,192,182666,1,0,0:0:0:0:
51,192,182749,1,0,0:0:0:0:
358,192,182833,1,0,0:0:0:0:
153,192,182916,1,0,0:0:0:0:
256,192,182999,128,0,183333:0:0:0:0:
153,192,183333,1,0,0:0:0:0:
358,192,183388,1,0,0:0:0:0:
153,192,183444,1,0,0:0:0:0:
358,192,183499,1,0,0:0:0:0:
153,192,183555,1,0,0:0:0:0:
358,192,183611,1,0,0:0:0:0:
153,192,183666,1,0,0:0:0:0:
358,192,183722,1,0,0:0:0:0:
153,192,183777,1,0,0:0:0:0:
358,192,183833,1,0,0:0:0:0:
153,192,183888,1,0,0:0:0:0:
358,192,183944,1,0,0:0:0:0:
256,192,183999,128,0,185333:0:0:0:0:
51,192,185333,128,0,186666:0:0:0:0:
460,192,186666,128,0,187999:0:0:0:0:
153,192,187999,128,0,189333:0:0:0:0:
358,192,189333,128,0,190666:0:0:0:0:
256,192,190666,128,0,191999:0:0:0:0:
358,192,191999,128,0,193333:0:0:0:0:
153,192,193333,128,0,194666:0:0:0:0:
358,192,194666,128,0,195999:0:0:0:0:
460,192,195999,128,0,197333:0:0:0:0:
51,192,197333,128,0,198666:0:0:0:0:
256,192,198666,128,0,199999:0:0:0:0:
358,192,199999,128,0,201333:0:0:0:0:
153,192,201333,128,0,202666:0:0:0:0:
460,192,202666,128,0,203999:0:0:0:0:
51,192,202666,128,0,203999:0:0:0:0:
256,192,203999,128,0,204583:0:0:0:0:
153,192,203999,128,0,204583:0:0:0:0:
358,192,203999,128,0,204583:0:0:0:0:
51,192,204666,128,0,206666:0:0:0:0:
460,192,204666,128,0,206666:0:0:0:0:
153,192,204666,128,0,206666:0:0:0:0:
256,192,204666,128,0,206666:0:0:0:0:
358,192,204666,128,0,206666:0:0:0:0:
